Codebook 
2.03542 -0.642566 0.817536 0.981097 0.0749185 -0.00988818 0.0688968 -0.1188 -0.0895515 -0.0362991 -0.153761 -0.11988 
2.61127 -0.525299 0.406798 0.450178 0.0620778 -0.101706 0.050551 -0.267667 -0.235785 -0.0387293 0.0149108 0.140534 
0.08153 0.0457335 0.0411817 0.0290758 0.020316 0.0177659 0.00874261 -0.0117036 -0.0207863 -0.047967 0.00961688 0.00239065 
2.09479 -0.0116455 -0.162054 0.11608 -0.114272 -0.00944593 0.0872206 -0.0491927 -0.187634 -0.0998141 -0.10723 -0.129109 
1.9318 -0.709806 0.888854 0.655485 0.0405274 0.211976 0.0433627 -0.113745 -0.00802724 -0.163592 -0.13341 0.0860599 
-0.0334593 -0.125618 -0.0256466 -0.025307 0.0618583 0.0312885 0.107925 0.0856201 0.00890333 0.00776547 0.00696639 -0.0711189 
0.685847 0.35456 0.286976 0.210326 0.226644 0.229451 0.213077 0.136748 0.0684743 0.0071023 -0.00952262 -0.0264454 
1.82048 -0.651435 0.965188 0.733268 -0.0444553 0.169603 0.100909 -0.191677 -0.048986 -0.048218 -0.133446 -0.0246031 
0.932907 -1.80309 0.246945 1.1331 0.406608 0.217459 0.231438 -0.159106 -0.0515272 0.255164 0.187509 -0.0726979 
2.108 -0.533225 0.942381 0.63709 0.0163741 0.106476 -0.0998997 -0.256781 -0.0517014 -0.136892 -0.124065 0.0596082 
2.2614 -0.556742 0.516121 0.745084 -0.0528223 0.0693388 0.14327 -0.267632 -0.213175 0.112791 0.0516775 -0.131066 
1.3538 -0.295834 0.128295 0.606845 0.337348 0.349058 0.19226 -0.112201 -0.159317 0.0424473 -0.000402808 -0.0401651 
0.128055 -0.0670018 0.192419 0.0185936 0.0542479 0.214693 0.154282 0.0416682 0.00276361 -0.0433518 -0.0894761 0.0122366 
1.6787 -1.9878 0.376413 0.482231 0.432631 0.490045 0.0967733 -0.153425 -0.231292 -0.0665088 0.191128 0.0169971 
0.0591581 0.0318371 0.0341772 0.0262834 0.0383942 0.038027 0.04428 0.0445092 0.060141 0.0142682 -0.00434082 0.100946 
2.23864 -0.613835 0.65933 0.986274 0.107071 -0.170034 0.242201 -0.0728259 -0.292792 -0.120261 -0.02105 -0.0920767 
0.579343 0.43554 0.39882 0.333787 0.29681 0.219555 0.197425 0.131 0.113072 0.124184 0.0894483 0.0145895 
2.07209 0.169145 -0.182655 0.0544181 0.0811584 0.119287 0.0266078 -0.0120149 0.0285487 0.0632223 -0.0734888 -0.155205 
2.25229 -0.761474 -0.0400467 0.196129 0.124043 -0.0112389 0.580203 0.115113 -0.0103865 0.0524791 -0.0612934 0.0201246 
1.92427 -0.452131 0.942695 0.665245 0.153457 0.28938 0.24272 -0.164533 -0.0928797 0.0433297 -0.0261185 -0.0231389 
0.0750174 -0.0165451 0.0399932 0.0208559 0.0321838 0.0176358 0.0213865 0.00576119 0.0164434 0.093385 -0.0285979 -0.00864255 
2.08571 -0.588724 0.840597 0.158223 0.0446728 -0.0140551 -0.340128 -0.0221352 0.0245397 -0.16094 0.0576649 0.0671508 
2.28029 0.085805 0.285902 0.546528 0.610342 -0.187949 0.135905 0.193379 0.0228535 -0.0787997 -0.180018 0.0335754 
2.04109 0.373349 0.0442328 0.103285 -0.184064 -0.233921 -0.0980349 -8.67336e-006 -0.0852459 -0.000478299 0.0182218 -0.00220977 
1.08511 -1.84847 0.50035 0.896718 0.413262 0.353555 0.0886814 -0.135475 0.0500822 0.171421 0.116166 0.0140384 
2.30851 -1.21688 0.0715192 0.215414 0.620154 0.329671 0.298919 0.441413 -0.0443127 -0.0981531 0.0813507 0.0915321 
0.0575027 0.0425849 0.0417809 0.0499308 0.0361395 0.0434657 0.031372 0.0341003 0.0415052 0.0393886 0.108098 0.0209092 
1.45004 -0.548643 0.586346 0.118979 0.321075 0.357007 0.244472 0.068559 0.0589968 0.0850682 0.0166769 0.028378 
1.75224 -0.687358 0.919657 0.736587 0.268589 0.118252 -0.101723 -0.071913 0.10819 -0.121105 -0.177996 -0.00330517 
1.73964 -0.907607 -0.194511 0.569318 0.173647 0.603181 0.52508 -0.0510293 -0.28338 0.108254 0.212995 0.0146817 
2.4379 -1.09499 0.479541 0.160342 -0.144364 -0.337879 -0.421616 -0.166146 -0.141863 -0.0697037 0.101319 0.00485088 
1.92271 -0.834814 1.03499 0.939663 -0.0559735 0.0588361 0.281899 -0.103536 -0.220177 -0.00517008 -0.0263967 -0.13125 
