 Iteration no: 1
0.0181448 0.00585407 0.0018887 0.000609352 0.000196595 9.09043e-005 4.20336e-005 1.9436e-005 8.98709e-006 4.15557e-006 1.91424e-008 8.81782e-011 4.06187e-013 1.87108e-015 8.619e-018 3.97029e-020 1.82889e-022 8.42467e-025 3.88077e-027 1.78765e-029 8.23472e-032 3.79327e-034 1.74735e-036 8.04905e-039 3.70775e-041 1.70795e-043 7.86757e-046 3.62415e-048 1.66944e-050 7.69018e-053 3.54243e-055 1.6318e-057 7.51679e-060 3.46256e-062 1.59501e-064 7.34731e-067 3.38449e-069 1.55905e-071 7.18165e-074 3.30818e-076 1.52389e-078 7.01972e-081 3.23359e-083 1.48953e-085 6.86145e-088 3.16069e-090 1.45595e-092 4.69733e-093 1.5155e-093 4.88947e-094 1.57749e-094 5.08946e-095 1.64201e-095 3.53251e-098 7.59958e-101 1.63492e-103 3.51725e-106 0 0 0 0 0 0 0 0 0 0 0 0 0 0 0 0 0 0 0 0 0 0 0 0 0 0 0 
0 4.4415e-006 1.4428e-006 4.65511e-007 1.50188e-007 2.77907e-007 1.31149e-007 6.06761e-008 2.80567e-008 1.29732e-008 1.02556e-008 2.68574e-010 6.04186e-012 1.32132e-013 2.87282e-015 6.23839e-017 1.35433e-018 2.94002e-020 6.38224e-022 1.38546e-023 3.00756e-025 6.52883e-027 1.41728e-028 3.07664e-030 6.67878e-032 1.44983e-033 3.1473e-035 6.83218e-037 1.48313e-038 3.21959e-040 6.9891e-042 1.5172e-043 3.29354e-045 7.14963e-047 1.55204e-048 3.36918e-050 7.31384e-052 1.58769e-053 3.44657e-055 7.48182e-057 1.62416e-058 3.52573e-060 7.65366e-062 1.66146e-063 3.60671e-065 7.82945e-067 1.69962e-068 3.76279e-071 8.33046e-074 1.84428e-076 4.08306e-079 9.0395e-082 2.00126e-084 1.09166e-086 5.95487e-089 3.2483e-091 1.77191e-093 0 0 0 0 0 0 0 0 0 0 0 0 0 0 0 0 0 0 0 0 0 0 0 0 0 0 0 
0 0 3.61768e-009 1.21062e-009 3.91026e-010 1.88984e-010 3.41851e-010 1.65033e-010 7.64534e-011 3.53542e-011 7.65452e-010 1.11184e-009 7.79286e-010 5.35789e-010 3.68146e-010 2.52952e-010 1.73802e-010 1.19419e-010 8.2052e-011 5.63776e-011 3.87368e-011 2.66159e-011 1.82877e-011 1.25654e-011 8.63362e-012 5.93212e-012 4.07593e-012 2.80056e-012 1.92425e-012 1.32214e-012 9.0844e-013 6.24185e-013 4.28875e-013 2.94678e-013 2.02472e-013 1.39118e-013 9.55871e-014 6.56775e-014 4.51267e-014 3.10064e-014 2.13044e-014 1.46381e-014 1.00578e-014 6.91067e-015 4.74829e-015 3.26253e-015 2.24167e-015 2.19596e-017 2.15118e-019 2.10731e-021 2.06434e-023 2.02225e-025 1.98101e-027 8.38813e-031 3.55176e-034 1.50391e-037 6.36796e-041 0 0 0 0 0 0 0 0 0 0 0 0 0 0 0 0 0 0 0 0 0 0 0 0 0 0 0 
0 0 0 4.84585e-011 2.14551e-011 1.34775e-013 4.54045e-014 8.17491e-014 3.95808e-014 1.83396e-014 2.076e-014 4.47698e-013 6.52266e-013 4.58768e-013 3.15469e-013 2.16763e-013 1.48937e-013 1.02334e-013 7.03133e-014 4.8312e-014 3.3195e-014 2.28081e-014 1.56714e-014 1.07677e-014 7.39846e-015 5.08345e-015 3.49281e-015 2.3999e-015 1.64896e-015 1.13299e-015 7.78475e-016 5.34887e-016 3.67518e-016 2.5252e-016 1.73506e-016 1.19215e-016 8.19121e-017 5.62814e-017 3.86707e-017 2.65705e-017 1.82565e-017 1.25439e-017 8.61889e-018 5.922e-018 4.06898e-018 2.79578e-018 1.92097e-018 3.02347e-017 3.56288e-018 3.88072e-019 4.19836e-020 4.53921e-021 4.90746e-022 2.07893e-025 8.80686e-029 3.73081e-032 1.58047e-035 5.51818e-038 2.33764e-041 8.16185e-044 2.8497e-046 9.94969e-049 4.21494e-052 1.78556e-055 7.56407e-059 2.64098e-061 0 0 0 0 0 0 0 0 0 0 0 0 0 0 0 0 0 0 
0 0 0 0 2.87226e-014 4.61989e-232 2.85786e-234 9.6279e-235 1.73347e-234 8.393e-235 2.40647e-222 2.72407e-222 5.87457e-221 8.55885e-221 6.01983e-221 4.1395e-221 2.84431e-221 1.95431e-221 1.3428e-221 9.22632e-222 6.33936e-222 4.35575e-222 2.99282e-222 2.05635e-222 1.41291e-222 9.70805e-223 6.67036e-223 4.58317e-223 3.14908e-223 2.16372e-223 1.48668e-223 1.02149e-223 7.01863e-224 4.82247e-224 3.3135e-224 2.27669e-224 1.5643e-224 1.07483e-224 7.38509e-225 5.07426e-225 3.4865e-225 2.39556e-225 1.64598e-225 1.13095e-225 7.77068e-226 5.3392e-226 3.66854e-226 1.13861e-021 1.79287e-020 2.23464e-021 2.45329e-022 2.65654e-023 2.8725e-024 1.36727e-023 4.12933e-024 1.24547e-024 3.75653e-025 2.07346e-026 6.25386e-027 3.45189e-028 1.90531e-029 1.05165e-030 3.17195e-031 9.56708e-032 2.88558e-032 1.59273e-033 5.56373e-035 1.94353e-036 6.78917e-038 3.74736e-039 3.55836e-040 3.37889e-041 3.20847e-042 1.20281e-042 4.5092e-043 1.69044e-043 5.09864e-044 1.53783e-044 4.63831e-045 1.39899e-045 4.21955e-046 1.27268e-046 3.8386e-047 1.15778e-047 

 Iteration no: 2
0.105299 0.0396812 0.0149536 0.00563517 0.00212358 0.000898943 0.000380536 0.000161086 6.81902e-005 2.88659e-005 9.58043e-009 3.17969e-012 1.05532e-015 3.50255e-019 1.16248e-022 3.8582e-026 1.28051e-029 4.24995e-033 1.41054e-036 4.68149e-040 1.55376e-043 5.15684e-047 1.71153e-050 5.68046e-054 1.88531e-057 6.25725e-061 2.07674e-064 6.8926e-068 2.28761e-071 7.59246e-075 2.5199e-078 8.36339e-082 2.77576e-085 9.2126e-089 3.05761e-092 1.0148e-095 3.36808e-099 1.11785e-102 3.71007e-106 1.23135e-109 4.08678e-113 1.35638e-116 4.50175e-120 1.49411e-123 4.95885e-127 1.64581e-130 5.46237e-134 2.05846e-134 7.75717e-135 2.92324e-135 1.10161e-135 4.15133e-136 1.5644e-136 3.45575e-223 7.63373e-310 0 0 0 0 0 0 0 0 0 0 0 0 0 0 0 0 0 0 0 0 0 0 0 0 0 0 0 0 0 
0 1.64334e-010 6.19284e-011 2.33373e-011 8.79453e-012 0.000105117 4.66547e-005 1.97939e-005 8.37994e-006 3.54737e-006 1.69273e-006 3.96888e-008 9.18211e-010 2.1239e-011 4.91274e-013 1.13636e-014 2.62848e-016 6.07987e-018 1.40632e-019 3.25293e-021 7.52429e-023 1.74043e-024 4.02574e-026 9.31185e-028 2.1539e-029 4.98215e-031 1.15241e-032 2.66561e-034 6.16577e-036 1.42619e-037 3.29889e-039 7.63058e-041 1.76501e-042 4.08261e-044 9.4434e-046 2.18433e-047 5.05253e-049 1.16869e-050 2.70327e-052 6.25287e-054 1.44634e-055 3.34549e-057 7.73838e-059 1.78995e-060 4.14029e-062 9.57681e-064 2.21519e-065 1.43312e-074 9.27158e-084 5.99826e-093 3.88058e-102 2.51054e-111 1.6242e-120 1.03384e-193 6.58057e-267 0 0 0 0 0 0 0 0 0 0 0 0 0 0 0 0 0 0 0 0 0 0 0 0 0 0 0 0 0 
0 0 4.25726e-013 1.61554e-013 6.08835e-014 3.51961e-015 4.17743e-008 1.85578e-008 7.87372e-009 3.33343e-009 3.38516e-006 4.89604e-006 4.78505e-006 4.64046e-006 4.49942e-006 4.36265e-006 4.23003e-006 4.10144e-006 3.97677e-006 3.85588e-006 3.73866e-006 3.62501e-006 3.51482e-006 3.40797e-006 3.30438e-006 3.20393e-006 3.10653e-006 3.0121e-006 2.92054e-006 2.83176e-006 2.74568e-006 2.66221e-006 2.58129e-006 2.50282e-006 2.42674e-006 2.35297e-006 2.28144e-006 2.21209e-006 2.14484e-006 2.07964e-006 2.01643e-006 1.95513e-006 1.8957e-006 1.83807e-006 1.7822e-006 1.72802e-006 1.67549e-006 4.41447e-009 1.1631e-011 3.06445e-014 8.07402e-017 2.12729e-019 5.60484e-022 1.38167e-035 3.406e-049 8.39623e-063 2.06978e-076 0 0 0 0 0 0 0 0 0 0 0 0 0 0 0 0 0 0 0 0 0 0 0 0 0 0 0 
0 0 0 1.16325e-014 1.40427e-014 1.1739e-099 8.49655e-102 1.00846e-094 4.47995e-095 1.90076e-095 9.82684e-014 9.97935e-011 1.44423e-010 1.41191e-010 1.36926e-010 1.32764e-010 1.28728e-010 1.24815e-010 1.21021e-010 1.17342e-010 1.13775e-010 1.10316e-010 1.06963e-010 1.03711e-010 1.00559e-010 9.75018e-011 9.45379e-011 9.16641e-011 8.88776e-011 8.61759e-011 8.35563e-011 8.10163e-011 7.85535e-011 7.61656e-011 7.38503e-011 7.16054e-011 6.94287e-011 6.73181e-011 6.52718e-011 6.32876e-011 6.13638e-011 5.94984e-011 5.76897e-011 5.59361e-011 5.42357e-011 5.2587e-011 5.09884e-011 4.58232e-008 3.80493e-008 3.14944e-008 2.60684e-008 2.15773e-008 1.78599e-008 3.33876e-012 6.24154e-016 1.16681e-019 2.18125e-023 7.13796e-037 1.33438e-040 4.36666e-054 1.42896e-067 4.67615e-081 8.74167e-085 1.63418e-088 3.05497e-092 9.99715e-106 0 0 0 0 0 0 0 0 0 0 0 0 0 0 0 0 0 0 
0 0 0 0 4.33112e-018 0 0 0 0 0 8.75186e-314 4.52467e-232 4.59489e-229 6.6498e-229 6.50098e-229 6.3046e-229 6.11297e-229 5.92715e-229 5.74697e-229 5.57227e-229 5.40289e-229 5.23865e-229 5.0794e-229 4.92499e-229 4.77528e-229 4.63012e-229 4.48937e-229 4.3529e-229 4.22058e-229 4.09228e-229 3.96788e-229 3.84726e-229 3.73031e-229 3.61692e-229 3.50697e-229 3.40036e-229 3.297e-229 3.19677e-229 3.09959e-229 3.00537e-229 2.91401e-229 2.82543e-229 2.73954e-229 2.65626e-229 2.57552e-229 2.49723e-229 2.42131e-229 1.89845e-014 1.70614e-011 1.4204e-011 1.17572e-011 9.73162e-012 8.05503e-012 1.5788e-009 8.13355e-010 4.18866e-010 2.1571e-010 4.16614e-011 2.1455e-011 4.14373e-012 8.00302e-013 1.54567e-013 7.95998e-014 4.09928e-014 2.11107e-014 4.07723e-015 3.93729e-016 3.80216e-017 3.67166e-018 7.09129e-019 6.84791e-020 6.61287e-021 6.38591e-022 6.16673e-023 5.95508e-024 5.75069e-025 2.96153e-025 1.52514e-025 7.85428e-026 4.04485e-026 2.08304e-026 1.07274e-026 5.52444e-027 2.84501e-027 

 Iteration no: 3
0.107717 0.0414125 0.0159213 0.00612106 0.00235328 0.000968849 0.000398877 0.000164218 6.7609e-005 2.78347e-005 2.92048e-010 3.06423e-015 3.21506e-020 3.37331e-025 3.53935e-030 3.71356e-035 3.89635e-040 4.08813e-045 4.28936e-050 4.50049e-055 4.72201e-060 4.95443e-065 5.1983e-070 5.45416e-075 5.72263e-080 6.0043e-085 6.29984e-090 6.60993e-095 6.93528e-100 7.27665e-105 7.63482e-110 8.01062e-115 8.40491e-120 8.81861e-125 9.25268e-130 9.70811e-135 1.0186e-139 1.06873e-144 1.12134e-149 1.17653e-154 1.23444e-159 1.2952e-164 1.35896e-169 1.42585e-174 1.49603e-179 1.56966e-184 1.64693e-189 6.33172e-190 2.43427e-190 9.35871e-191 3.59802e-191 1.38328e-191 5.31811e-192 0 0 0 0 0 0 0 0 0 0 0 0 0 0 0 0 0 0 0 0 0 0 0 0 0 0 0 0 0 0 0 
0 6.85628e-017 2.63594e-017 1.01341e-017 3.8961e-018 0.000171341 7.70067e-005 3.19478e-005 1.31622e-005 5.41923e-006 1.06968e-006 1.93617e-008 3.5027e-010 6.33668e-012 1.14636e-013 2.07386e-015 3.75179e-017 6.78732e-019 1.22788e-020 2.22135e-022 4.01861e-024 7.27e-026 1.31521e-027 2.37932e-029 4.30439e-031 7.78702e-033 1.40874e-034 2.54853e-036 4.6105e-038 8.3408e-040 1.50892e-041 2.72977e-043 4.93839e-045 8.93396e-047 1.61623e-048 2.9239e-050 5.28958e-052 9.56931e-054 1.73117e-055 3.13184e-057 5.66576e-059 1.02498e-060 1.85428e-062 3.35456e-064 6.06868e-066 1.09788e-067 1.98615e-069 6.55172e-085 2.16122e-100 7.12921e-116 2.35171e-131 7.75759e-147 2.559e-162 0 0 0 0 0 0 0 0 0 0 0 0 0 0 0 0 0 0 0 0 0 0 0 0 0 0 0 0 0 0 0 
0 0 5.63371e-021 2.16639e-021 8.32884e-022 6.37833e-023 2.80442e-009 1.26045e-009 5.22924e-010 2.1544e-010 5.11638e-006 5.98616e-006 5.84054e-006 5.68096e-006 5.52542e-006 5.37414e-006 5.227e-006 5.08389e-006 4.94469e-006 4.80931e-006 4.67763e-006 4.54956e-006 4.425e-006 4.30384e-006 4.186e-006 4.07139e-006 3.95992e-006 3.8515e-006 3.74605e-006 3.64348e-006 3.54373e-006 3.4467e-006 3.35233e-006 3.26055e-006 3.17127e-006 3.08445e-006 3e-006 2.91786e-006 2.83797e-006 2.76027e-006 2.68469e-006 2.61118e-006 2.53969e-006 2.47016e-006 2.40252e-006 2.33674e-006 2.27277e-006 1.92396e-010 1.62869e-014 1.37873e-018 1.16714e-022 9.88015e-027 8.36384e-031 3.98442e-064 1.89812e-097 9.04241e-131 4.30768e-164 0 0 0 0 0 0 0 0 0 0 0 0 0 0 0 0 0 0 0 0 0 0 0 0 0 0 0 
0 0 0 1.53644e-022 1.87072e-022 1.54978e-223 1.50986e-225 6.63851e-212 2.98369e-212 1.23785e-212 9.00744e-016 2.13914e-011 2.50306e-011 2.44223e-011 2.3755e-011 2.31046e-011 2.2472e-011 2.18567e-011 2.12583e-011 2.06763e-011 2.01102e-011 1.95596e-011 1.9024e-011 1.85032e-011 1.79965e-011 1.75038e-011 1.70246e-011 1.65584e-011 1.61051e-011 1.56641e-011 1.52353e-011 1.48181e-011 1.44124e-011 1.40178e-011 1.3634e-011 1.32607e-011 1.28976e-011 1.25445e-011 1.2201e-011 1.1867e-011 1.15421e-011 1.12261e-011 1.09187e-011 1.06197e-011 1.0329e-011 1.00462e-011 9.77112e-012 6.19914e-008 5.16459e-008 4.30225e-008 3.5839e-008 2.98549e-008 2.487e-008 1.25179e-012 6.30072e-017 3.17137e-021 1.59626e-025 6.50942e-053 3.27642e-057 1.3361e-084 5.44849e-112 2.22185e-139 1.11833e-143 5.62897e-148 2.83325e-152 1.15538e-179 0 0 0 0 0 0 0 0 0 0 0 0 0 0 0 0 0 0 
0 0 0 0 2.1768e-027 0 0 0 0 0 0 4.04812e-254 9.6137e-250 1.12492e-249 1.09758e-249 1.0676e-249 1.03837e-249 1.00994e-249 9.82284e-250 9.5539e-250 9.29232e-250 9.0379e-250 8.79045e-250 8.54977e-250 8.31568e-250 8.088e-250 7.86655e-250 7.65117e-250 7.44169e-250 7.23794e-250 7.03977e-250 6.84702e-250 6.65955e-250 6.47722e-250 6.29987e-250 6.12739e-250 5.95962e-250 5.79645e-250 5.63775e-250 5.48339e-250 5.33325e-250 5.18723e-250 5.04521e-250 4.90707e-250 4.77272e-250 4.64204e-250 4.51495e-250 1.38436e-016 8.78287e-013 7.31787e-013 6.096e-013 5.07815e-013 4.23024e-013 2.14099e-009 1.10503e-009 5.70283e-010 2.94311e-010 5.69593e-011 2.93955e-011 5.68904e-012 1.10102e-012 2.13086e-013 1.09969e-013 5.67529e-014 2.9289e-014 5.66843e-015 5.48517e-016 5.30784e-017 5.13624e-018 9.94039e-019 9.61903e-020 9.30805e-021 9.00713e-022 8.71594e-023 8.43416e-024 8.1615e-025 4.21198e-025 2.17372e-025 1.12181e-025 5.78944e-026 2.98781e-026 1.54195e-026 7.95768e-027 4.10679e-027 

 Iteration no: 4
0.110248 0.0432585 0.0169735 0.00665997 0.0026132 0.00104341 0.000416617 0.000166348 6.64203e-005 2.65206e-005 4.36807e-012 7.19444e-019 1.18496e-025 1.95169e-032 3.21454e-039 5.29451e-046 8.72033e-053 1.43628e-059 2.36563e-066 3.89632e-073 6.41743e-080 1.05698e-086 1.74091e-093 2.86736e-100 4.7227e-107 7.77852e-114 1.28116e-120 2.11014e-127 3.47551e-134 5.72435e-141 9.42829e-148 1.55289e-154 2.55769e-161 4.21264e-168 6.93844e-175 1.1428e-181 1.88224e-188 3.10015e-195 5.10611e-202 8.41003e-209 1.38517e-215 2.28145e-222 3.75767e-229 6.18908e-236 1.01937e-242 1.67896e-249 2.76533e-256 1.08505e-256 4.25744e-257 1.67051e-257 6.55464e-258 2.57187e-258 1.00913e-258 0 0 0 0 0 0 0 0 0 0 0 0 0 0 0 0 0 0 0 0 0 0 0 0 0 0 0 0 0 0 0 
0 5.11387e-022 2.00655e-022 7.87319e-023 3.08923e-023 0.000242542 0.000116098 4.78849e-005 1.9241e-005 7.69228e-006 5.77066e-007 8.60539e-009 1.28325e-010 1.91361e-012 2.85362e-014 4.25537e-016 6.34569e-018 9.46282e-020 1.41111e-021 2.10428e-023 3.13795e-025 4.67937e-027 6.97797e-029 1.04057e-030 1.55172e-032 2.31395e-034 3.45061e-036 5.14562e-038 7.67324e-040 1.14425e-041 1.70633e-043 2.54451e-045 3.79442e-047 5.65832e-049 8.4378e-051 1.25826e-052 1.87634e-054 2.79804e-056 4.17249e-058 6.2221e-060 9.27852e-062 1.38363e-063 2.0633e-065 3.07683e-067 4.58823e-069 6.84207e-071 1.0203e-072 4.04813e-093 1.60613e-113 6.37244e-134 2.52832e-154 1.00313e-174 3.98e-195 0 0 0 0 0 0 0 0 0 0 0 0 0 0 0 0 0 0 0 0 0 0 0 0 0 0 0 0 0 0 0 
0 0 1.27807e-027 5.01485e-028 1.9677e-028 2.57861e-029 2.0245e-010 9.69077e-011 3.99697e-011 1.60606e-011 6.96688e-006 7.30031e-006 7.10984e-006 6.91686e-006 6.72901e-006 6.54626e-006 6.36847e-006 6.19551e-006 6.02725e-006 5.86355e-006 5.70431e-006 5.54939e-006 5.39867e-006 5.25205e-006 5.10941e-006 4.97065e-006 4.83565e-006 4.70432e-006 4.57656e-006 4.45226e-006 4.33134e-006 4.21371e-006 4.09927e-006 3.98794e-006 3.87963e-006 3.77427e-006 3.67176e-006 3.57204e-006 3.47503e-006 3.38065e-006 3.28884e-006 3.19952e-006 3.11262e-006 3.02809e-006 2.94585e-006 2.86584e-006 2.78801e-006 7.48444e-012 2.0092e-017 5.39373e-023 1.44795e-028 3.88704e-034 1.04348e-039 2.73217e-102 7.15371e-165 1.87307e-227 4.90432e-290 0 0 0 0 0 0 0 0 0 0 0 0 0 0 0 0 0 0 0 0 0 0 0 0 0 0 0 
0 0 0 3.47049e-029 4.25371e-029 0 0 0 0 0 9.54434e-018 4.14022e-012 4.33844e-012 4.22525e-012 4.11057e-012 3.99893e-012 3.89033e-012 3.78467e-012 3.68189e-012 3.58189e-012 3.48461e-012 3.38997e-012 3.2979e-012 3.20834e-012 3.1212e-012 3.03644e-012 2.95397e-012 2.87374e-012 2.7957e-012 2.71977e-012 2.6459e-012 2.57404e-012 2.50414e-012 2.43613e-012 2.36996e-012 2.3056e-012 2.24298e-012 2.18207e-012 2.1228e-012 2.06515e-012 2.00906e-012 1.9545e-012 1.90142e-012 1.84978e-012 1.79954e-012 1.75067e-012 1.70312e-012 7.57074e-008 6.30874e-008 5.25708e-008 4.38074e-008 3.65048e-008 3.04195e-008 4.12057e-013 5.58163e-018 7.56077e-023 1.02417e-027 2.71165e-071 3.67315e-076 9.72527e-120 2.57493e-163 6.81756e-207 9.23493e-212 1.25094e-216 1.6945e-221 4.48648e-265 0 0 0 0 0 0 0 0 0 0 0 0 0 0 0 0 0 0 
0 0 0 0 1.90259e-035 0 0 0 0 0 0 2.09752e-285 9.0988e-280 9.53443e-280 9.28568e-280 9.03364e-280 8.7883e-280 8.54962e-280 8.31743e-280 8.09154e-280 7.87178e-280 7.65799e-280 7.45001e-280 7.24768e-280 7.05084e-280 6.85935e-280 6.67306e-280 6.49182e-280 6.31551e-280 6.14399e-280 5.97713e-280 5.8148e-280 5.65688e-280 5.50324e-280 5.35378e-280 5.20838e-280 5.06693e-280 4.92931e-280 4.79544e-280 4.6652e-280 4.5385e-280 4.41524e-280 4.29533e-280 4.17867e-280 4.06519e-280 3.95478e-280 3.84737e-280 9.33684e-019 4.15043e-014 3.45858e-014 2.88205e-014 2.40161e-014 2.00127e-014 2.61672e-009 1.35059e-009 6.97075e-010 3.59778e-010 6.96345e-011 3.59402e-011 6.95616e-012 1.34635e-012 2.60584e-013 1.34494e-013 6.9416e-014 3.58274e-014 6.93433e-015 6.71064e-016 6.49417e-017 6.28468e-018 1.21639e-018 1.17715e-019 1.13918e-020 1.10243e-021 1.06687e-022 1.03245e-023 9.99148e-025 5.15686e-025 2.66159e-025 1.37371e-025 7.09009e-026 3.65938e-026 1.8887e-026 9.74807e-027 5.03123e-027 

 Iteration no: 5
0.113303 0.0455319 0.0182975 0.00735303 0.00295489 0.00113578 0.00043656 0.000167801 6.44981e-005 2.47912e-005 2.4537e-014 2.42854e-023 2.40364e-032 2.37899e-041 2.3546e-050 2.33046e-059 2.30656e-068 2.28291e-077 2.2595e-086 2.23633e-095 2.2134e-104 2.1907e-113 2.16824e-122 2.14601e-131 2.124e-140 2.10222e-149 2.08066e-158 2.05933e-167 2.03821e-176 2.01731e-185 1.99663e-194 1.97615e-203 1.95589e-212 1.93584e-221 1.91599e-230 1.89634e-239 1.87689e-248 1.85765e-257 1.8386e-266 1.81975e-275 1.80109e-284 1.78262e-293 1.76434e-302 1.74625e-311 1.72824e-320 0 0 0 0 0 0 0 0 0 0 0 0 0 0 0 0 0 0 0 0 0 0 0 0 0 0 0 0 0 0 0 0 0 0 0 0 0 0 0 
0 1.22714e-025 4.9314e-026 1.98173e-026 7.96381e-027 0.000315008 0.000179947 8.01669e-005 3.28696e-005 1.30183e-005 3.18855e-007 3.74319e-009 4.3943e-011 5.15867e-013 6.05601e-015 7.10942e-017 8.34608e-019 9.79785e-021 1.15021e-022 1.35029e-024 1.58517e-026 1.8609e-028 2.1846e-030 2.5646e-032 3.0107e-034 3.5344e-036 4.14919e-038 4.87093e-040 5.71821e-042 6.71287e-044 7.88054e-046 9.25133e-048 1.08606e-049 1.27497e-051 1.49675e-053 1.7571e-055 2.06274e-057 2.42155e-059 2.84277e-061 3.33725e-063 3.91776e-065 4.59924e-067 5.39925e-069 6.33843e-071 7.44098e-073 8.73531e-075 1.02548e-076 1.94691e-100 3.69629e-124 7.01757e-148 1.33231e-171 2.52945e-195 4.80227e-219 0 0 0 0 0 0 0 0 0 0 0 0 0 0 0 0 0 0 0 0 0 0 0 0 0 0 0 0 0 0 0 
0 0 8.57942e-033 3.44773e-033 1.38551e-033 3.59459e-034 1.42184e-011 8.12217e-012 3.61846e-012 1.48362e-012 1.04327e-005 1.04057e-005 1.01269e-005 9.85268e-006 9.58586e-006 9.32626e-006 9.0737e-006 8.82797e-006 8.5889e-006 8.3563e-006 8.13e-006 7.90983e-006 7.69563e-006 7.48722e-006 7.28446e-006 7.08719e-006 6.89526e-006 6.70853e-006 6.52685e-006 6.3501e-006 6.17813e-006 6.01082e-006 5.84804e-006 5.68967e-006 5.53558e-006 5.38567e-006 5.23982e-006 5.09792e-006 4.95986e-006 4.82555e-006 4.69486e-006 4.56772e-006 4.44402e-006 4.32367e-006 4.20658e-006 4.09266e-006 3.98183e-006 3.37971e-013 2.86865e-020 2.43486e-027 2.06667e-034 1.75416e-041 1.4889e-048 5.83832e-150 2.28933e-251 0 0 0 0 0 0 0 0 0 0 0 0 0 0 0 0 0 0 0 0 0 0 0 0 0 0 0 0 0 
0 0 0 2.32338e-034 2.86981e-034 0 0 0 0 0 1.25531e-019 8.82722e-013 8.8044e-013 8.5685e-013 8.33649e-013 8.11073e-013 7.89108e-013 7.67738e-013 7.46947e-013 7.26719e-013 7.07038e-013 6.87891e-013 6.69262e-013 6.51138e-013 6.33504e-013 6.16348e-013 5.99657e-013 5.83417e-013 5.67618e-013 5.52246e-013 5.3729e-013 5.2274e-013 5.08583e-013 4.9481e-013 4.8141e-013 4.68373e-013 4.55689e-013 4.43349e-013 4.31342e-013 4.19661e-013 4.08296e-013 3.97239e-013 3.86481e-013 3.76015e-013 3.65832e-013 3.55925e-013 3.46286e-013 1.07832e-007 8.9859e-008 7.48821e-008 6.24013e-008 5.20008e-008 4.33337e-008 1.57961e-013 5.75803e-019 2.09893e-024 7.65105e-030 6.89691e-092 2.51407e-097 2.26627e-159 2.04289e-221 1.84152e-283 6.71276e-289 2.44695e-294 8.91967e-300 0 0 0 0 0 0 0 0 0 0 0 0 0 0 0 0 0 0 0 
0 0 0 0 4.93059e-042 0 0 0 0 0 0 0 0 0 0 0 0 0 0 0 0 0 0 0 0 0 0 0 0 0 0 0 0 0 0 0 0 0 0 0 0 0 0 0 0 0 0 7.34877e-021 2.28837e-015 1.90696e-015 1.58912e-015 1.32426e-015 1.10354e-015 3.72761e-009 1.92394e-009 9.92999e-010 5.12515e-010 9.91965e-011 5.11982e-011 9.90933e-012 1.91794e-012 3.71214e-013 1.91594e-013 9.88871e-014 5.10385e-014 9.87842e-015 9.55977e-016 9.2514e-017 8.95297e-018 1.73283e-018 1.67694e-019 1.62284e-020 1.5705e-021 1.51984e-022 1.47081e-023 1.42336e-024 7.34639e-025 3.79168e-025 1.957e-025 1.01006e-025 5.21322e-026 2.69069e-026 1.38874e-026 7.16769e-027 

 Iteration no: 6
0.121702 0.0520353 0.0222484 0.00951257 0.00406722 0.00139849 0.000480863 0.000165342 5.6852e-005 1.95482e-005 2.75035e-017 3.86963e-029 5.44441e-041 7.66006e-053 1.07774e-064 1.51633e-076 2.13342e-088 3.00163e-100 4.22317e-112 5.94182e-124 8.3599e-136 1.1762e-147 1.65487e-159 2.32833e-171 3.27586e-183 4.609e-195 6.48468e-207 9.12367e-219 1.28366e-230 1.80606e-242 2.54105e-254 3.57515e-266 5.03009e-278 7.07713e-290 9.95722e-302 1.40094e-313 0 0 0 0 0 0 0 0 0 0 0 0 0 0 0 0 0 0 0 0 0 0 0 0 0 0 0 0 0 0 0 0 0 0 0 0 0 0 0 0 0 0 0 0 0 0 0 0 
0 1.12707e-027 4.81892e-028 2.06039e-028 8.80946e-029 0.000488105 0.000382987 0.000226528 0.000119696 5.95843e-005 4.03555e-007 2.5091e-009 1.56003e-011 9.69946e-014 6.03063e-016 3.74954e-018 2.33127e-020 1.44946e-022 9.01202e-025 5.60322e-027 3.48379e-029 2.16604e-031 1.34673e-033 8.37331e-036 5.20609e-038 3.23688e-040 2.01253e-042 1.25129e-044 7.77986e-047 4.83712e-049 3.00747e-051 1.86989e-053 1.1626e-055 7.22847e-058 4.49429e-060 2.79432e-062 1.73737e-064 1.08021e-066 6.71616e-069 4.17577e-071 2.59628e-073 1.61423e-075 1.00365e-077 6.24016e-080 3.87981e-082 2.41227e-084 1.49983e-086 5.10172e-112 1.73537e-137 5.90294e-163 2.00791e-188 6.82998e-214 2.32325e-239 0 0 0 0 0 0 0 0 0 0 0 0 0 0 0 0 0 0 0 0 0 0 0 0 0 0 0 0 0 0 0 
0 0 1.71687e-036 7.34068e-037 3.1386e-037 1.77759e-037 9.84905e-013 7.72798e-013 4.57092e-013 2.41524e-013 3.29492e-005 3.22813e-005 3.14096e-005 3.05601e-005 2.97336e-005 2.89295e-005 2.8147e-005 2.73858e-005 2.66451e-005 2.59245e-005 2.52234e-005 2.45412e-005 2.38775e-005 2.32317e-005 2.26034e-005 2.19921e-005 2.13973e-005 2.08186e-005 2.02555e-005 1.97077e-005 1.91747e-005 1.86561e-005 1.81516e-005 1.76606e-005 1.7183e-005 1.67183e-005 1.62661e-005 1.58262e-005 1.53982e-005 1.49817e-005 1.45765e-005 1.41823e-005 1.37987e-005 1.34255e-005 1.30625e-005 1.27092e-005 1.23654e-005 3.31418e-014 8.88265e-023 2.38072e-031 6.3808e-040 1.71018e-048 4.58361e-057 7.22619e-207 0 0 0 0 0 0 0 0 0 0 0 0 0 0 0 0 0 0 0 0 0 0 0 0 0 0 0 0 0 0 
0 0 0 4.64333e-038 5.85475e-038 0 0 0 0 0 2.91345e-021 3.9746e-013 3.89403e-013 3.78888e-013 3.68641e-013 3.58671e-013 3.4897e-013 3.39532e-013 3.30349e-013 3.21415e-013 3.12722e-013 3.04264e-013 2.96036e-013 2.88029e-013 2.80239e-013 2.7266e-013 2.65286e-013 2.58111e-013 2.5113e-013 2.44338e-013 2.3773e-013 2.31301e-013 2.25045e-013 2.18959e-013 2.13037e-013 2.07275e-013 2.01669e-013 1.96215e-013 1.90908e-013 1.85745e-013 1.80722e-013 1.75834e-013 1.71078e-013 1.66452e-013 1.6195e-013 1.5757e-013 1.53308e-013 3.34428e-007 2.7869e-007 2.32241e-007 1.93534e-007 1.61278e-007 1.34398e-007 1.31835e-013 1.2932e-019 1.26853e-025 1.24434e-031 2.00268e-114 1.96448e-120 3.1617e-203 5.08856e-286 0 0 0 0 0 0 0 0 0 0 0 0 0 0 0 0 0 0 0 0 0 0 0 
0 0 0 0 3.81444e-047 0 0 0 0 0 0 0 0 0 0 0 0 0 0 0 0 0 0 0 0 0 0 0 0 0 0 0 0 0 0 0 0 0 0 0 0 0 0 0 0 0 0 1.25941e-022 2.74729e-016 2.2894e-016 1.90783e-016 1.58986e-016 1.32488e-016 1.15611e-008 5.96704e-009 3.07976e-009 1.58955e-009 3.07656e-010 1.5879e-010 3.07336e-011 5.94843e-012 1.15131e-012 5.94224e-013 3.06696e-013 1.58295e-013 3.06377e-014 2.96494e-015 2.8693e-016 2.77674e-017 5.37434e-018 5.20098e-019 5.0332e-020 4.87084e-021 4.71372e-022 4.56167e-023 4.41452e-024 2.27846e-024 1.17598e-024 6.06957e-025 3.13268e-025 1.61687e-025 8.34511e-026 4.30715e-026 2.22305e-026 

 Iteration no: 7
0.153421 0.0797073 0.0414105 0.0215141 0.0111773 0.00220375 0.000434498 8.56671e-005 1.68904e-005 3.33017e-006 3.56807e-022 3.82297e-038 4.09607e-054 4.38868e-070 4.7022e-086 5.03812e-102 5.39803e-118 5.78365e-134 6.19682e-150 6.63951e-166 7.11382e-182 7.62201e-198 8.16651e-214 8.74991e-230 9.37498e-246 1.00447e-261 1.07623e-277 1.15311e-293 1.23549e-309 0 0 0 0 0 0 0 0 0 0 0 0 0 0 0 0 0 0 0 0 0 0 0 0 0 0 0 0 0 0 0 0 0 0 0 0 0 0 0 0 0 0 0 0 0 0 0 0 0 0 0 0 0 0 0 
0 1.65896e-028 8.61884e-029 4.47777e-029 2.32634e-029 0.00171139 0.00155585 0.00117422 0.000849106 0.00060711 8.70196e-007 1.24582e-009 1.78358e-012 2.55347e-015 3.65568e-018 5.23366e-021 7.49278e-024 1.07271e-026 1.53574e-029 2.19865e-032 3.1477e-035 4.50642e-038 6.45163e-041 9.23649e-044 1.32234e-046 1.89314e-049 2.71032e-052 3.88023e-055 5.55514e-058 7.95304e-061 1.1386e-063 1.63008e-066 2.33371e-069 3.34106e-072 4.78323e-075 6.84793e-078 9.80385e-081 1.40357e-083 2.00943e-086 2.8768e-089 4.11858e-092 5.89637e-095 8.44156e-098 1.20854e-100 1.73021e-103 2.47706e-106 3.54628e-109 1.78305e-135 8.96504e-162 4.50756e-188 2.26637e-214 1.13952e-240 5.7294e-267 0 0 0 0 0 0 0 0 0 0 0 0 0 0 0 0 0 0 0 0 0 0 0 0 0 0 0 0 0 0 0 
0 0 4.13394e-039 2.14772e-039 1.11581e-039 1.27652e-039 9.39083e-014 8.53735e-014 6.44325e-014 4.65926e-014 0.000174007 0.000169553 0.00016497 0.00016051 0.000156171 0.00015195 0.000147842 0.000143846 0.000139957 0.000136174 0.000132493 0.000128911 0.000125426 0.000122036 0.000118737 0.000115527 0.000112404 0.000109366 0.000106409 0.000103533 0.000100734 9.80111e-005 9.53617e-005 9.27839e-005 9.02757e-005 8.78354e-005 8.5461e-005 8.31508e-005 8.09031e-005 7.87161e-005 7.65882e-005 7.45179e-005 7.25035e-005 7.05436e-005 6.86366e-005 6.67812e-005 6.4976e-005 5.49642e-015 4.6495e-025 3.93309e-035 3.32706e-045 2.81441e-055 2.38075e-065 4.02349e-273 0 0 0 0 0 0 0 0 0 0 0 0 0 0 0 0 0 0 0 0 0 0 0 0 0 0 0 0 0 0 
0 0 0 1.11749e-040 1.51182e-040 0 0 0 0 0 8.01913e-023 2.99486e-013 2.9182e-013 2.83932e-013 2.76257e-013 2.68789e-013 2.61523e-013 2.54453e-013 2.47575e-013 2.40882e-013 2.34371e-013 2.28035e-013 2.21871e-013 2.15873e-013 2.10038e-013 2.0436e-013 1.98836e-013 1.93461e-013 1.88231e-013 1.83143e-013 1.78192e-013 1.73375e-013 1.68688e-013 1.64128e-013 1.59692e-013 1.55375e-013 1.51175e-013 1.47088e-013 1.43112e-013 1.39243e-013 1.35479e-013 1.31817e-013 1.28254e-013 1.24787e-013 1.21414e-013 1.18132e-013 1.14938e-013 1.75644e-006 1.4637e-006 1.21975e-006 1.01646e-006 8.47047e-007 7.05873e-007 1.86325e-013 4.91833e-020 1.29827e-026 3.42697e-033 5.16383e-139 1.36307e-145 2.05391e-251 0 0 0 0 0 0 0 0 0 0 0 0 0 0 0 0 0 0 0 0 0 0 0 0 
0 0 0 0 3.55357e-051 0 0 0 0 0 0 0 0 0 0 0 0 0 0 0 0 0 0 0 0 0 0 0 0 0 0 0 0 0 0 0 0 0 0 0 0 0 0 0 0 0 0 3.65498e-024 5.5854e-017 4.6545e-017 3.87875e-017 3.23229e-017 2.69357e-017 6.07202e-008 3.13395e-008 1.61752e-008 8.34849e-009 1.61584e-009 8.33981e-010 1.61416e-010 3.12417e-011 6.04679e-012 3.12092e-012 1.6108e-012 8.3138e-013 1.60912e-013 1.55722e-014 1.50698e-015 1.45837e-016 2.82265e-017 2.7316e-018 2.64348e-019 2.55821e-020 2.47569e-021 2.39583e-022 2.31854e-023 1.19667e-023 6.17634e-024 3.18779e-024 1.64531e-024 8.49193e-025 4.38293e-025 2.26216e-025 1.16757e-025 

 Iteration no: 8
0.186052 0.1127 0.0682676 0.0413528 0.0250493 0.00142194 8.07177e-005 4.582e-006 2.60101e-007 1.47648e-008 4.27392e-031 1.23716e-053 3.58115e-076 1.03662e-098 3.00067e-121 8.68595e-144 2.51429e-166 7.27803e-189 2.10674e-211 6.09832e-234 1.76526e-256 5.10983e-279 1.47912e-301 4.94066e-324 0 0 0 0 0 0 0 0 0 0 0 0 0 0 0 0 0 0 0 0 0 0 0 0 0 0 0 0 0 0 0 0 0 0 0 0 0 0 0 0 0 0 0 0 0 0 0 0 0 0 0 0 0 0 0 0 0 0 0 0 
0 5.24403e-029 3.17655e-029 1.92418e-029 1.16557e-029 0.00465898 0.0039153 0.00308308 0.00241678 0.00189386 4.73384e-007 1.18325e-010 2.95761e-014 7.39273e-018 1.84786e-021 4.61884e-025 1.15451e-028 2.88576e-032 7.21314e-036 1.80297e-039 4.50663e-043 1.12646e-046 2.81566e-050 7.03791e-054 1.75917e-057 4.39715e-061 1.0991e-064 2.74726e-068 6.86694e-072 1.71643e-075 4.29033e-079 1.0724e-082 2.68052e-086 6.70012e-090 1.67474e-093 4.18611e-097 1.04634e-100 2.6154e-104 6.53735e-108 1.63405e-111 4.08441e-115 1.02092e-118 2.55186e-122 6.37854e-126 1.59436e-129 3.98519e-133 9.96123e-137 1.1829e-163 1.40471e-190 1.6681e-217 1.98088e-244 2.35231e-271 2.79339e-298 0 0 0 0 0 0 0 0 0 0 0 0 0 0 0 0 0 0 0 0 0 0 0 0 0 0 0 0 0 0 0 
0 0 3.10975e-041 1.88372e-041 1.14105e-041 1.77132e-041 7.08029e-015 5.9501e-015 4.68537e-015 3.6728e-015 0.00040934 0.000398379 0.000387611 0.000377135 0.000366942 0.000357024 0.000347374 0.000337985 0.00032885 0.000319962 0.000311314 0.0003029 0.000294713 0.000286747 0.000278997 0.000271456 0.000264119 0.000256981 0.000250035 0.000243277 0.000236702 0.000230304 0.00022408 0.000218023 0.00021213 0.000206397 0.000200818 0.000195391 0.00019011 0.000184971 0.000179972 0.000175108 0.000170375 0.00016577 0.000161289 0.00015693 0.000152688 4.07597e-016 1.08806e-027 2.90455e-039 7.75359e-051 2.06979e-062 5.52524e-074 0 0 0 0 0 0 0 0 0 0 0 0 0 0 0 0 0 0 0 0 0 0 0 0 0 0 0 0 0 0 0 
0 0 0 8.40505e-043 1.20955e-042 0 0 0 0 0 9.02218e-025 1.00554e-013 9.78611e-014 9.52161e-014 9.26426e-014 9.01386e-014 8.77024e-014 8.53319e-014 8.30256e-014 8.07815e-014 7.85982e-014 7.64738e-014 7.44069e-014 7.23958e-014 7.04391e-014 6.85352e-014 6.66829e-014 6.48805e-014 6.31269e-014 6.14207e-014 5.97607e-014 5.81454e-014 5.65739e-014 5.50448e-014 5.3557e-014 5.21095e-014 5.07011e-014 4.93307e-014 4.79974e-014 4.67001e-014 4.54379e-014 4.42098e-014 4.30149e-014 4.18523e-014 4.07211e-014 3.96205e-014 3.85496e-014 4.12688e-006 3.43907e-006 2.86589e-006 2.38824e-006 1.9902e-006 1.6585e-006 1.17807e-013 8.36809e-021 5.94404e-028 4.22218e-035 3.1234e-166 2.21862e-173 1.64125e-304 0 0 0 0 0 0 0 0 0 0 0 0 0 0 0 0 0 0 0 0 0 0 0 0 
0 0 0 0 1.03462e-054 0 0 0 0 0 0 0 0 0 0 0 0 0 0 0 0 0 0 0 0 0 0 0 0 0 0 0 0 0 0 0 0 0 0 0 0 0 0 0 0 0 0 4.74527e-026 5.07998e-018 4.23332e-018 3.52777e-018 2.93981e-018 2.44984e-018 1.42667e-007 7.36344e-008 3.80049e-008 1.96154e-008 3.79653e-009 1.9595e-009 3.79258e-010 7.34048e-011 1.42074e-011 7.33284e-012 3.78469e-012 1.95339e-012 3.78075e-013 3.65879e-014 3.54077e-015 3.42655e-016 6.63203e-017 6.4181e-018 6.21106e-019 6.0107e-020 5.81681e-021 5.62917e-022 5.44758e-023 2.81166e-023 1.45118e-023 7.48995e-024 3.86578e-024 1.99524e-024 1.0298e-024 5.31511e-025 2.74328e-025 

 Iteration no: 9
0.196924 0.124571 0.078801 0.049848 0.0315329 0.000389412 4.80901e-006 5.93883e-008 7.3341e-010 9.05717e-012 2.02574e-044 4.53082e-077 1.01337e-109 2.26653e-142 5.06937e-175 1.13382e-207 2.53593e-240 5.67192e-273 1.26859e-305 0 0 0 0 0 0 0 0 0 0 0 0 0 0 0 0 0 0 0 0 0 0 0 0 0 0 0 0 0 0 0 0 0 0 0 0 0 0 0 0 0 0 0 0 0 0 0 0 0 0 0 0 0 0 0 0 0 0 0 0 0 0 0 0 0 
0 1.43262e-029 9.06248e-030 5.73275e-030 3.62643e-030 0.00620928 0.00502421 0.00400421 0.00319055 0.00254222 1.05755e-007 4.39938e-012 1.83013e-016 7.61325e-021 3.16708e-025 1.31749e-029 5.48073e-034 2.27996e-038 9.48455e-043 3.94554e-047 1.64133e-051 6.82786e-056 2.84036e-060 1.18158e-064 4.91533e-069 2.04476e-073 8.50612e-078 3.53851e-082 1.47201e-086 6.12349e-091 2.54735e-095 1.05969e-099 4.40826e-104 1.83382e-108 7.62862e-113 3.17347e-117 1.32015e-121 5.49179e-126 2.28456e-130 9.50369e-135 3.9535e-139 1.64464e-143 6.84164e-148 2.8461e-152 1.18396e-156 4.92525e-161 2.04888e-165 6.03141e-193 1.7755e-220 5.22663e-248 1.53859e-275 4.52923e-303 0 0 0 0 0 0 0 0 0 0 0 0 0 0 0 0 0 0 0 0 0 0 0 0 0 0 0 0 0 0 0 0 
0 0 2.51989e-043 1.59403e-043 1.00835e-043 1.7379e-043 2.97569e-016 2.40777e-016 1.91895e-016 1.52902e-016 0.000516484 0.000502546 0.000488964 0.000475748 0.00046289 0.00045038 0.000438207 0.000426364 0.00041484 0.000403628 0.000392719 0.000382105 0.000371778 0.00036173 0.000351953 0.000342441 0.000333186 0.000324181 0.000315419 0.000306894 0.0002986 0.000290529 0.000282677 0.000275037 0.000267604 0.000260371 0.000253334 0.000246487 0.000239825 0.000233343 0.000227037 0.000220901 0.00021493 0.000209121 0.000203469 0.00019797 0.000192619 1.62259e-017 1.36683e-030 1.15139e-043 9.69906e-057 8.17029e-070 6.88248e-083 0 0 0 0 0 0 0 0 0 0 0 0 0 0 0 0 0 0 0 0 0 0 0 0 0 0 0 0 0 0 0 
0 0 0 6.81056e-045 9.98369e-045 0 0 0 0 0 5.36142e-027 1.81102e-014 1.76215e-014 1.71452e-014 1.66819e-014 1.6231e-014 1.57923e-014 1.53655e-014 1.49502e-014 1.45461e-014 1.4153e-014 1.37705e-014 1.33983e-014 1.30362e-014 1.26839e-014 1.2341e-014 1.20075e-014 1.1683e-014 1.13672e-014 1.106e-014 1.07611e-014 1.04702e-014 1.01872e-014 9.91191e-015 9.64402e-015 9.38337e-015 9.12976e-015 8.88301e-015 8.64293e-015 8.40934e-015 8.18205e-015 7.96092e-015 7.74576e-015 7.53641e-015 7.33272e-015 7.13454e-015 6.94171e-015 5.20597e-006 4.33831e-006 3.61526e-006 3.01271e-006 2.51059e-006 2.09216e-006 3.99908e-014 7.64407e-022 1.46113e-029 2.79289e-037 5.31876e-196 1.01666e-203 0 0 0 0 0 0 0 0 0 0 0 0 0 0 0 0 0 0 0 0 0 0 0 0 0 
0 0 0 0 3.24521e-058 0 0 0 0 0 0 0 0 0 0 0 0 0 0 0 0 0 0 0 0 0 0 0 0 0 0 0 0 0 0 0 0 0 0 0 0 0 0 0 0 0 0 3.3077e-028 2.48063e-019 2.06719e-019 1.72266e-019 1.43555e-019 1.19629e-019 1.79971e-007 9.28882e-008 4.79423e-008 2.47444e-008 4.78924e-009 2.47187e-009 4.78426e-010 9.25985e-011 1.79223e-011 9.25022e-012 4.77431e-012 2.46416e-012 4.76934e-013 4.61549e-014 4.4666e-015 4.32252e-016 8.36616e-017 8.09629e-018 7.83512e-019 7.58237e-020 7.33778e-021 7.10108e-022 6.87201e-023 3.54684e-023 1.83063e-023 9.44841e-024 4.8766e-024 2.51695e-024 1.29907e-024 6.70489e-025 3.46059e-025 

 Iteration no: 10
0.199372 0.127298 0.0812785 0.0518956 0.0331349 8.32653e-005 2.09238e-007 5.25798e-010 1.32129e-012 3.32028e-015 4.58627e-062 6.33496e-109 8.75042e-156 1.20869e-202 1.66955e-249 2.30613e-296 0 0 0 0 0 0 0 0 0 0 0 0 0 0 0 0 0 0 0 0 0 0 0 0 0 0 0 0 0 0 0 0 0 0 0 0 0 0 0 0 0 0 0 0 0 0 0 0 0 0 0 0 0 0 0 0 0 0 0 0 0 0 0 0 0 0 0 0 
0 3.65365e-030 2.33282e-030 1.48949e-030 9.51027e-031 0.00660613 0.0052973 0.00423451 0.00338491 0.00270577 1.85542e-008 1.27231e-013 8.72456e-019 5.98266e-024 4.10247e-029 2.81317e-034 1.92907e-039 1.32281e-044 9.07087e-050 6.22014e-055 4.26531e-060 2.92484e-065 2.00564e-070 1.37532e-075 9.43092e-081 6.46703e-086 4.43461e-091 3.04093e-096 2.08525e-101 1.42991e-106 9.80527e-112 6.72373e-117 4.61064e-122 3.16164e-127 2.16802e-132 1.48667e-137 1.01945e-142 6.99062e-148 4.79365e-153 3.28713e-158 2.25407e-163 1.54568e-168 1.05991e-173 7.2681e-179 4.98393e-184 3.41761e-189 2.34354e-194 1.72194e-222 1.26521e-250 9.29627e-279 6.83052e-307 0 0 0 0 0 0 0 0 0 0 0 0 0 0 0 0 0 0 0 0 0 0 0 0 0 0 0 0 0 0 0 0 0 
0 0 2.00267e-045 1.27869e-045 8.16433e-046 1.48534e-045 1.03176e-017 8.27346e-018 6.61357e-018 5.28664e-018 0.000542859 0.000528191 0.000513915 0.000500026 0.000486511 0.000473363 0.000460569 0.000448121 0.00043601 0.000424226 0.00041276 0.000401604 0.00039075 0.000380189 0.000369914 0.000359916 0.000350189 0.000340724 0.000331515 0.000322556 0.000313838 0.000305356 0.000297103 0.000289073 0.00028126 0.000273659 0.000266262 0.000259066 0.000252064 0.000245252 0.000238623 0.000232174 0.000225899 0.000219794 0.000213853 0.000208073 0.00020245 5.38153e-019 1.43052e-033 3.80261e-048 1.01081e-062 2.68694e-077 7.14244e-092 0 0 0 0 0 0 0 0 0 0 0 0 0 0 0 0 0 0 0 0 0 0 0 0 0 0 0 0 0 0 0 
0 0 0 5.41264e-047 7.96645e-047 0 0 0 0 0 2.64613e-029 2.71718e-015 2.64376e-015 2.57231e-015 2.50279e-015 2.43514e-015 2.36933e-015 2.30529e-015 2.24299e-015 2.18237e-015 2.12338e-015 2.06599e-015 2.01016e-015 1.95583e-015 1.90297e-015 1.85154e-015 1.80149e-015 1.7528e-015 1.70543e-015 1.65934e-015 1.61449e-015 1.57086e-015 1.5284e-015 1.48709e-015 1.4469e-015 1.4078e-015 1.36975e-015 1.33273e-015 1.29671e-015 1.26166e-015 1.22756e-015 1.19438e-015 1.1621e-015 1.1307e-015 1.10014e-015 1.0704e-015 1.04147e-015 5.47162e-006 4.55969e-006 3.79974e-006 3.16645e-006 2.63871e-006 2.19892e-006 1.13106e-014 5.81779e-023 2.99248e-031 1.53924e-039 3.95699e-228 2.03535e-236 0 0 0 0 0 0 0 0 0 0 0 0 0 0 0 0 0 0 0 0 0 0 0 0 0 
0 0 0 0 9.98363e-062 0 0 0 0 0 0 0 0 0 0 0 0 0 0 0 0 0 0 0 0 0 0 0 0 0 0 0 0 0 0 0 0 0 0 0 0 0 0 0 0 0 0 1.921e-030 1.00924e-020 8.41036e-021 7.00863e-021 5.84053e-021 4.86711e-021 1.89155e-007 9.76282e-008 5.03888e-008 2.60071e-008 5.03363e-009 2.598e-009 5.02839e-010 9.73238e-011 1.88369e-011 9.72225e-012 5.01793e-012 2.5899e-012 5.01271e-013 4.85101e-014 4.69453e-015 4.54309e-016 8.79308e-017 8.50943e-018 8.23494e-019 7.96929e-020 7.71222e-021 7.46344e-022 7.22268e-023 3.72784e-023 1.92404e-023 9.93055e-024 5.12545e-024 2.64539e-024 1.36536e-024 7.04704e-025 3.63718e-025 

 Iteration no: 11
0.199874 0.127859 0.081791 0.0523215 0.0334699 1.68799e-005 8.51306e-009 4.2934e-012 2.16529e-015 1.09202e-018 5.34787e-084 2.61897e-149 1.28256e-214 6.28098e-280 0 0 0 0 0 0 0 0 0 0 0 0 0 0 0 0 0 0 0 0 0 0 0 0 0 0 0 0 0 0 0 0 0 0 0 0 0 0 0 0 0 0 0 0 0 0 0 0 0 0 0 0 0 0 0 0 0 0 0 0 0 0 0 0 0 0 0 0 0 0 
0 9.17145e-031 5.86695e-031 3.75308e-031 2.40083e-031 0.00668975 0.00535433 0.00428278 0.00342568 0.00274011 3.09134e-009 3.48758e-015 3.93462e-021 4.43895e-027 5.00794e-033 5.64985e-039 6.37404e-045 7.19107e-051 8.11281e-057 9.15271e-063 1.03259e-068 1.16495e-074 1.31427e-080 1.48273e-086 1.67279e-092 1.8872e-098 2.1291e-104 2.40201e-110 2.7099e-116 3.05725e-122 3.44913e-128 3.89124e-134 4.39001e-140 4.95272e-146 5.58756e-152 6.30377e-158 7.11178e-164 8.02336e-170 9.05179e-176 1.0212e-181 1.1521e-187 1.29978e-193 1.46638e-199 1.65434e-205 1.8664e-211 2.10563e-217 2.37553e-223 4.36222e-252 8.01041e-281 1.47096e-309 0 0 0 0 0 0 0 0 0 0 0 0 0 0 0 0 0 0 0 0 0 0 0 0 0 0 0 0 0 0 0 0 0 0 
0 0 1.58237e-047 1.01224e-047 6.47528e-048 1.23042e-047 3.42849e-019 2.74408e-019 2.19492e-019 1.75566e-019 0.000548367 0.000533547 0.000519127 0.000505096 0.000491445 0.000478163 0.000465239 0.000452665 0.000440431 0.000428528 0.000416946 0.000405677 0.000394713 0.000384045 0.000373665 0.000363566 0.00035374 0.000344179 0.000334877 0.000325827 0.00031702 0.000308452 0.000300116 0.000292005 0.000284113 0.000276434 0.000268963 0.000261693 0.000254621 0.000247739 0.000241043 0.000234529 0.00022819 0.000222023 0.000216022 0.000210184 0.000204503 1.71541e-020 1.43892e-036 1.207e-052 1.01245e-068 8.49264e-085 7.12379e-101 0 0 0 0 0 0 0 0 0 0 0 0 0 0 0 0 0 0 0 0 0 0 0 0 0 0 0 0 0 0 0 
0 0 0 4.27669e-049 6.29969e-049 0 0 0 0 0 1.2544e-031 3.91804e-016 3.81215e-016 3.70912e-016 3.60887e-016 3.51134e-016 3.41644e-016 3.3241e-016 3.23426e-016 3.14685e-016 3.0618e-016 2.97905e-016 2.89853e-016 2.82019e-016 2.74397e-016 2.66981e-016 2.59765e-016 2.52745e-016 2.45914e-016 2.39267e-016 2.32801e-016 2.26509e-016 2.20387e-016 2.1443e-016 2.08635e-016 2.02996e-016 1.9751e-016 1.92172e-016 1.86978e-016 1.81924e-016 1.77008e-016 1.72224e-016 1.67569e-016 1.6304e-016 1.58634e-016 1.54346e-016 1.50175e-016 5.52711e-006 4.60592e-006 3.83827e-006 3.19856e-006 2.66547e-006 2.22122e-006 3.0745e-015 4.25557e-024 5.89035e-033 8.15312e-042 1.48362e-262 2.05356e-271 0 0 0 0 0 0 0 0 0 0 0 0 0 0 0 0 0 0 0 0 0 0 0 0 0 
0 0 0 0 3.05356e-065 0 0 0 0 0 0 0 0 0 0 0 0 0 0 0 0 0 0 0 0 0 0 0 0 0 0 0 0 0 0 0 0 0 0 0 0 0 0 0 0 0 0 1.07225e-032 3.94637e-022 3.28864e-022 2.74053e-022 2.28378e-022 1.90315e-022 1.91073e-007 9.86182e-008 5.08997e-008 2.62708e-008 5.08468e-009 2.62435e-009 5.07939e-010 9.83107e-011 1.90279e-011 9.82084e-012 5.06882e-012 2.61616e-012 5.06355e-013 4.9002e-014 4.74213e-015 4.58916e-016 8.88225e-017 8.59572e-018 8.31844e-019 8.05011e-020 7.79043e-021 7.53912e-022 7.29592e-023 3.76564e-023 1.94356e-023 1.00313e-023 5.17742e-024 2.67222e-024 1.37921e-024 7.1185e-025 3.67406e-025 

 Iteration no: 12
0.199975 0.127972 0.0818942 0.0524073 0.0335375 3.38515e-006 3.41685e-010 3.44884e-014 3.48113e-018 3.51372e-022 3.26716e-110 3.0379e-198 2.82472e-286 0 0 0 0 0 0 0 0 0 0 0 0 0 0 0 0 0 0 0 0 0 0 0 0 0 0 0 0 0 0 0 0 0 0 0 0 0 0 0 0 0 0 0 0 0 0 0 0 0 0 0 0 0 0 0 0 0 0 0 0 0 0 0 0 0 0 0 0 0 0 0 
0 2.29474e-031 1.4685e-031 9.39749e-032 6.01382e-032 0.00670665 0.00536583 0.00429253 0.00343391 0.00274704 5.09688e-010 9.45678e-017 1.75462e-023 3.25553e-030 6.04032e-037 1.12072e-043 2.0794e-050 3.85813e-057 7.15839e-064 1.32817e-070 2.4643e-077 4.57227e-084 8.48342e-091 1.57402e-097 2.92044e-104 5.41861e-111 1.00537e-117 1.86537e-124 3.46102e-131 6.4216e-138 1.19147e-144 2.21066e-151 4.10166e-158 7.61025e-165 1.41201e-171 2.61985e-178 4.86089e-185 9.01892e-192 1.67338e-198 3.10479e-205 5.76065e-212 1.06883e-218 1.98312e-225 3.67949e-232 6.82695e-239 1.26668e-245 2.3502e-252 1.07886e-281 4.9525e-311 0 0 0 0 0 0 0 0 0 0 0 0 0 0 0 0 0 0 0 0 0 0 0 0 0 0 0 0 0 0 0 0 0 0 0 
0 0 1.24873e-049 7.99108e-050 5.11381e-050 1.01275e-049 1.12942e-020 9.03624e-021 7.22877e-021 5.78283e-021 0.000549478 0.000534627 0.000520178 0.000506119 0.00049244 0.000479131 0.000466181 0.000453582 0.000441323 0.000429395 0.00041779 0.000406498 0.000395512 0.000384822 0.000374422 0.000364302 0.000354456 0.000344876 0.000335555 0.000326486 0.000317662 0.000309077 0.000300723 0.000292596 0.000284688 0.000276994 0.000269507 0.000262223 0.000255136 0.000248241 0.000241531 0.000235003 0.000228652 0.000222472 0.000216459 0.000210609 0.000204917 5.42409e-022 1.43574e-039 3.80036e-057 1.00594e-074 2.6627e-092 7.04809e-110 0 0 0 0 0 0 0 0 0 0 0 0 0 0 0 0 0 0 0 0 0 0 0 0 0 0 0 0 0 0 0 
0 0 0 3.37493e-051 4.9722e-051 0 0 0 0 0 5.898e-034 5.60421e-017 5.45275e-017 5.30537e-017 5.16199e-017 5.02247e-017 4.88673e-017 4.75466e-017 4.62615e-017 4.50112e-017 4.37947e-017 4.26111e-017 4.14594e-017 4.03389e-017 3.92486e-017 3.81879e-017 3.71558e-017 3.61516e-017 3.51745e-017 3.42238e-017 3.32989e-017 3.23989e-017 3.15232e-017 3.06713e-017 2.98423e-017 2.90358e-017 2.8251e-017 2.74875e-017 2.67446e-017 2.60217e-017 2.53184e-017 2.46342e-017 2.39684e-017 2.33206e-017 2.26903e-017 2.2077e-017 2.14804e-017 5.5383e-006 4.61525e-006 3.84604e-006 3.20503e-006 2.67086e-006 2.22572e-006 8.29015e-016 3.08784e-025 1.15013e-034 4.2839e-044 2.89345e-299 1.07773e-308 0 0 0 0 0 0 0 0 0 0 0 0 0 0 0 0 0 0 0 0 0 0 0 0 0 
0 0 0 0 9.3279e-069 0 0 0 0 0 0 0 0 0 0 0 0 0 0 0 0 0 0 0 0 0 0 0 0 0 0 0 0 0 0 0 0 0 0 0 0 0 0 0 0 0 0 5.93691e-035 1.53072e-023 1.2756e-023 1.063e-023 8.85832e-024 7.38193e-024 1.9146e-007 9.88179e-008 5.10028e-008 2.6324e-008 5.09497e-009 2.62966e-009 5.08967e-010 9.85097e-011 1.90664e-011 9.84072e-012 5.07908e-012 2.62146e-012 5.0738e-013 4.91013e-014 4.75173e-015 4.59845e-016 8.90023e-017 8.61313e-018 8.33528e-019 8.0664e-020 7.8062e-021 7.55438e-022 7.3107e-023 3.77326e-023 1.94749e-023 1.00516e-023 5.1879e-024 2.67763e-024 1.382e-024 7.13291e-025 3.6815e-025 

 Iteration no: 13
0.199995 0.127994 0.0819148 0.0524245 0.033551 6.77398e-007 1.36767e-011 2.76133e-016 5.57515e-021 1.12563e-025 1.04941e-140 9.78363e-256 0 0 0 0 0 0 0 0 0 0 0 0 0 0 0 0 0 0 0 0 0 0 0 0 0 0 0 0 0 0 0 0 0 0 0 0 0 0 0 0 0 0 0 0 0 0 0 0 0 0 0 0 0 0 0 0 0 0 0 0 0 0 0 0 0 0 0 0 0 0 0 0 
0 5.7378e-032 3.67212e-032 2.35011e-032 1.50404e-032 0.00671004 0.00536813 0.00429448 0.00343556 0.00274843 8.38593e-011 2.55869e-018 7.807e-026 2.38205e-033 7.26803e-041 2.2176e-048 6.76628e-056 2.06451e-063 6.29916e-071 1.92198e-078 5.86429e-086 1.78929e-093 5.45944e-101 1.66577e-108 5.08254e-116 1.55077e-123 4.73166e-131 1.44371e-138 4.40501e-146 1.34404e-153 4.1009e-161 1.25125e-168 3.81779e-176 1.16487e-183 3.55422e-191 1.08445e-198 3.30885e-206 1.00959e-213 3.08042e-221 9.3989e-229 2.86776e-236 8.75003e-244 2.66978e-251 8.14596e-259 2.48547e-266 7.5836e-274 2.31388e-281 2.65544e-311 0 0 0 0 0 0 0 0 0 0 0 0 0 0 0 0 0 0 0 0 0 0 0 0 0 0 0 0 0 0 0 0 0 0 0 0 
0 0 9.85178e-052 6.30502e-052 4.03514e-052 8.32512e-052 3.71411e-022 2.97135e-022 2.37706e-022 1.90164e-022 0.0005497 0.000534843 0.000520388 0.000506324 0.000492639 0.000479325 0.00046637 0.000453765 0.000441501 0.000429569 0.000417959 0.000406663 0.000395672 0.000384978 0.000374573 0.00036445 0.0003546 0.000345016 0.000335691 0.000326618 0.000317791 0.000309202 0.000300845 0.000292714 0.000284803 0.000277106 0.000269616 0.000262329 0.000255239 0.000248341 0.000241629 0.000235099 0.000228745 0.000222562 0.000216547 0.000210694 0.000205 1.71231e-023 1.43025e-042 1.19465e-061 9.97862e-081 8.33489e-100 6.96192e-119 0 0 0 0 0 0 0 0 0 0 0 0 0 0 0 0 0 0 0 0 0 0 0 0 0 0 0 0 0 0 0 
0 0 0 2.66264e-053 3.92293e-053 0 0 0 0 0 2.76859e-036 8.00308e-018 7.78678e-018 7.57632e-018 7.37156e-018 7.17233e-018 6.97848e-018 6.78987e-018 6.60636e-018 6.42781e-018 6.25409e-018 6.08506e-018 5.9206e-018 5.76058e-018 5.60489e-018 5.45341e-018 5.30602e-018 5.16261e-018 5.02308e-018 4.88732e-018 4.75523e-018 4.62671e-018 4.50167e-018 4.38e-018 4.26162e-018 4.14644e-018 4.03438e-018 3.92534e-018 3.81925e-018 3.71603e-018 3.61559e-018 3.51787e-018 3.4228e-018 3.33029e-018 3.24028e-018 3.1527e-018 3.0675e-018 5.54054e-006 4.61712e-006 3.8476e-006 3.20633e-006 2.67194e-006 2.22662e-006 2.23176e-016 2.23691e-026 2.24208e-036 2.24725e-046 0 0 0 0 0 0 0 0 0 0 0 0 0 0 0 0 0 0 0 0 0 0 0 0 0 0 0 
0 0 0 0 2.84873e-072 0 0 0 0 0 0 0 0 0 0 0 0 0 0 0 0 0 0 0 0 0 0 0 0 0 0 0 0 0 0 0 0 0 0 0 0 0 0 0 0 0 0 3.28188e-037 5.92776e-025 4.9398e-025 4.1165e-025 3.43042e-025 2.85868e-025 1.91537e-007 9.88579e-008 5.10234e-008 2.63347e-008 5.09703e-009 2.63073e-009 5.09173e-010 9.85496e-011 1.90741e-011 9.8447e-012 5.08114e-012 2.62252e-012 5.07585e-013 4.91211e-014 4.75366e-015 4.60031e-016 8.90383e-017 8.61661e-018 8.33866e-019 8.06967e-020 7.80936e-021 7.55744e-022 7.31365e-023 3.77479e-023 1.94828e-023 1.00556e-023 5.19e-024 2.67871e-024 1.38256e-024 7.1358e-025 3.68299e-025 

 Iteration no: 14
0.199999 0.127999 0.081919 0.0524279 0.0335538 1.35494e-007 5.47143e-013 2.20943e-018 8.92195e-024 3.6028e-029 1.77344e-175 8.74496e-322 0 0 0 0 0 0 0 0 0 0 0 0 0 0 0 0 0 0 0 0 0 0 0 0 0 0 0 0 0 0 0 0 0 0 0 0 0 0 0 0 0 0 0 0 0 0 0 0 0 0 0 0 0 0 0 0 0 0 0 0 0 0 0 0 0 0 0 0 0 0 0 0 
0 1.4345e-032 9.18074e-033 5.87565e-033 3.7604e-033 0.00671072 0.00536859 0.00429487 0.00343589 0.00274871 1.37916e-011 6.91996e-020 3.47209e-028 1.74212e-036 8.74108e-045 4.38584e-053 2.20059e-061 1.10415e-069 5.54006e-078 2.77972e-086 1.39473e-094 6.99803e-103 3.51126e-111 1.76178e-119 8.8397e-128 4.43532e-136 2.22542e-144 1.1166e-152 5.60256e-161 2.81109e-169 1.41046e-177 7.07699e-186 3.55088e-194 1.78165e-202 8.93944e-211 4.48536e-219 2.25053e-227 1.1292e-235 5.66578e-244 2.8428e-252 1.42638e-260 7.15684e-269 3.59094e-277 1.80175e-285 9.0403e-294 4.53597e-302 2.27592e-310 0 0 0 0 0 0 0 0 0 0 0 0 0 0 0 0 0 0 0 0 0 0 0 0 0 0 0 0 0 0 0 0 0 0 0 0 0 
0 0 7.77214e-054 4.97415e-054 3.18344e-054 6.84176e-054 1.22096e-023 9.76773e-024 7.81418e-024 6.25133e-024 0.000549745 0.000534887 0.00052043 0.000506365 0.000492679 0.000479363 0.000466408 0.000453802 0.000441537 0.000429604 0.000417993 0.000406696 0.000395704 0.000385009 0.000374604 0.000364479 0.000354628 0.000345044 0.000335718 0.000326645 0.000317817 0.000309227 0.000300869 0.000292738 0.000284826 0.000277128 0.000269638 0.000262351 0.00025526 0.000248361 0.000241649 0.000235118 0.000228763 0.00022258 0.000216565 0.000210711 0.000205017 5.40379e-025 1.42432e-045 3.7542e-066 9.89526e-087 2.60817e-107 6.87458e-128 0 0 0 0 0 0 0 0 0 0 0 0 0 0 0 0 0 0 0 0 0 0 0 0 0 0 0 0 0 0 0 
0 0 0 2.10058e-055 3.09485e-055 0 0 0 0 0 1.29918e-038 1.14251e-018 1.11163e-018 1.08158e-018 1.05235e-018 1.02391e-018 9.96237e-019 9.69312e-019 9.43114e-019 9.17624e-019 8.92824e-019 8.68693e-019 8.45215e-019 8.22372e-019 8.00145e-019 7.7852e-019 7.57479e-019 7.37006e-019 7.17087e-019 6.97706e-019 6.7885e-019 6.60502e-019 6.42651e-019 6.25282e-019 6.08382e-019 5.9194e-019 5.75941e-019 5.60375e-019 5.4523e-019 5.30494e-019 5.16156e-019 5.02206e-019 4.88633e-019 4.75427e-019 4.62577e-019 4.50075e-019 4.37911e-019 5.54099e-006 4.61749e-006 3.84791e-006 3.20659e-006 2.67216e-006 2.2268e-006 6.00609e-017 1.61995e-027 4.36931e-038 1.17848e-048 0 0 0 0 0 0 0 0 0 0 0 0 0 0 0 0 0 0 0 0 0 0 0 0 0 0 0 
0 0 0 0 8.69954e-076 0 0 0 0 0 0 0 0 0 0 0 0 0 0 0 0 0 0 0 0 0 0 0 0 0 0 0 0 0 0 0 0 0 0 0 0 0 0 0 0 0 0 1.81361e-039 2.2948e-026 1.91233e-026 1.59361e-026 1.32801e-026 1.10668e-026 1.91553e-007 9.88659e-008 5.10275e-008 2.63368e-008 5.09744e-009 2.63094e-009 5.09214e-010 9.85576e-011 1.90757e-011 9.8455e-012 5.08155e-012 2.62273e-012 5.07626e-013 4.91251e-014 4.75404e-015 4.60069e-016 8.90455e-017 8.61731e-018 8.33933e-019 8.07032e-020 7.80999e-021 7.55805e-022 7.31425e-023 3.77509e-023 1.94844e-023 1.00564e-023 5.19042e-024 2.67893e-024 1.38267e-024 7.13637e-025 3.68329e-025 

 Iteration no: 15
0.2 0.128 0.0819198 0.0524286 0.0335543 2.70994e-008 2.18863e-014 1.7676e-020 1.42757e-026 1.15295e-032 1.57703e-214 0 0 0 0 0 0 0 0 0 0 0 0 0 0 0 0 0 0 0 0 0 0 0 0 0 0 0 0 0 0 0 0 0 0 0 0 0 0 0 0 0 0 0 0 0 0 0 0 0 0 0 0 0 0 0 0 0 0 0 0 0 0 0 0 0 0 0 0 0 0 0 0 0 
0 3.58626e-033 2.29521e-033 1.46893e-033 9.40116e-034 0.00671085 0.00536869 0.00429495 0.00343596 0.00274877 2.26801e-012 1.87133e-021 1.54404e-030 1.27399e-039 1.05117e-048 8.67318e-058 7.15625e-067 5.90462e-076 4.8719e-085 4.01981e-094 3.31675e-103 2.73665e-112 2.25801e-121 1.86309e-130 1.53723e-139 1.26837e-148 1.04653e-157 8.63495e-167 7.1247e-176 5.8786e-185 4.85043e-194 4.00209e-203 3.30213e-212 2.72459e-221 2.24806e-230 1.85487e-239 1.53046e-248 1.26278e-257 1.04192e-266 8.59689e-276 7.0933e-285 5.85268e-294 4.82905e-303 3.98445e-312 3.28554e-321 0 0 0 0 0 0 0 0 0 0 0 0 0 0 0 0 0 0 0 0 0 0 0 0 0 0 0 0 0 0 0 0 0 0 0 0 0 0 0 
0 0 6.13143e-056 3.92411e-056 2.51143e-056 5.62241e-056 4.01346e-025 3.21077e-025 2.56861e-025 2.05489e-025 0.000549754 0.000534895 0.000520439 0.000506373 0.000492687 0.000479371 0.000466415 0.000453809 0.000441544 0.000429611 0.000418 0.000406702 0.00039571 0.000385015 0.00037461 0.000364485 0.000354634 0.000345049 0.000335724 0.00032665 0.000317822 0.000309232 0.000300874 0.000292743 0.000284831 0.000277133 0.000269642 0.000262355 0.000255264 0.000248365 0.000241653 0.000235121 0.000228767 0.000222584 0.000216568 0.000210715 0.00020502 1.70524e-026 1.41832e-048 1.17968e-070 9.81195e-093 8.16103e-115 6.78789e-137 0 0 0 0 0 0 0 0 0 0 0 0 0 0 0 0 0 0 0 0 0 0 0 0 0 0 0 0 0 0 0 
0 0 0 1.65714e-057 2.44152e-057 0 0 0 0 0 6.09612e-041 1.63092e-019 1.58684e-019 1.54395e-019 1.50222e-019 1.46162e-019 1.42212e-019 1.38368e-019 1.34629e-019 1.3099e-019 1.2745e-019 1.24005e-019 1.20654e-019 1.17393e-019 1.1422e-019 1.11133e-019 1.08129e-019 1.05207e-019 1.02364e-019 9.95971e-020 9.69052e-020 9.42862e-020 9.17379e-020 8.92585e-020 8.68461e-020 8.44989e-020 8.22152e-020 7.99931e-020 7.78312e-020 7.57276e-020 7.36809e-020 7.16895e-020 6.9752e-020 6.78668e-020 6.60326e-020 6.42479e-020 6.25115e-020 5.54108e-006 4.61757e-006 3.84797e-006 3.20664e-006 2.6722e-006 2.22684e-006 1.61625e-017 1.17308e-028 8.51428e-040 6.1797e-051 0 0 0 0 0 0 0 0 0 0 0 0 0 0 0 0 0 0 0 0 0 0 0 0 0 0 0 
0 0 0 0 2.65667e-079 0 0 0 0 0 0 0 0 0 0 0 0 0 0 0 0 0 0 0 0 0 0 0 0 0 0 0 0 0 0 0 0 0 0 0 0 0 0 0 0 0 0 1.00216e-041 8.88325e-028 7.40271e-028 6.16892e-028 5.14077e-028 4.28397e-028 1.91556e-007 9.88675e-008 5.10284e-008 2.63372e-008 5.09753e-009 2.63098e-009 5.09222e-010 9.85591e-011 1.9076e-011 9.84566e-012 5.08163e-012 2.62278e-012 5.07634e-013 4.91259e-014 4.75412e-015 4.60076e-016 8.9047e-017 8.61745e-018 8.33947e-019 8.07045e-020 7.81011e-021 7.55818e-022 7.31436e-023 3.77516e-023 1.94847e-023 1.00566e-023 5.19051e-024 2.67897e-024 1.38269e-024 7.13649e-025 3.68335e-025 

 Iteration no: 16
0.2 0.128 0.08192 0.0524288 0.0335544 5.41991e-009 8.75457e-016 1.41409e-022 2.28413e-029 3.68946e-036 7.37956e-258 0 0 0 0 0 0 0 0 0 0 0 0 0 0 0 0 0 0 0 0 0 0 0 0 0 0 0 0 0 0 0 0 0 0 0 0 0 0 0 0 0 0 0 0 0 0 0 0 0 0 0 0 0 0 0 0 0 0 0 0 0 0 0 0 0 0 0 0 0 0 0 0 0 
0 8.96567e-034 5.73803e-034 3.67234e-034 2.3503e-034 0.00671088 0.0053687 0.00429496 0.00343597 0.00274878 3.72963e-013 5.06048e-023 6.86622e-033 9.3163e-043 1.26407e-052 1.71513e-062 2.32714e-072 3.15753e-082 4.28424e-092 5.813e-102 7.88726e-112 1.07017e-121 1.45204e-131 1.97017e-141 2.67319e-151 3.62707e-161 4.92133e-171 6.67742e-181 9.06014e-191 1.22931e-200 1.66796e-210 2.26315e-220 3.07071e-230 4.16644e-240 5.65316e-250 7.67039e-260 1.04074e-269 1.41211e-279 1.916e-289 2.59969e-299 3.52734e-309 4.78601e-319 0 0 0 0 0 0 0 0 0 0 0 0 0 0 0 0 0 0 0 0 0 0 0 0 0 0 0 0 0 0 0 0 0 0 0 0 0 0 0 0 0 0 
0 0 4.83707e-058 3.09572e-058 1.98126e-058 4.62033e-058 1.31926e-026 1.05541e-026 8.44325e-027 6.7546e-027 0.000549755 0.000534897 0.00052044 0.000506374 0.000492689 0.000479373 0.000466417 0.000453811 0.000441546 0.000429612 0.000418001 0.000406704 0.000395712 0.000385017 0.000374611 0.000364486 0.000354635 0.000345051 0.000335725 0.000326651 0.000317823 0.000309233 0.000300875 0.000292744 0.000284832 0.000277133 0.000269643 0.000262356 0.000255265 0.000248366 0.000241653 0.000235122 0.000228768 0.000222585 0.000216569 0.000210716 0.000205021 5.38106e-028 1.41233e-051 3.70687e-075 9.72922e-099 2.55357e-122 6.70221e-146 0 0 0 0 0 0 0 0 0 0 0 0 0 0 0 0 0 0 0 0 0 0 0 0 0 0 0 0 0 0 0 
0 0 0 1.30732e-059 1.92611e-059 0 0 0 0 0 2.86042e-043 2.32809e-020 2.26517e-020 2.20395e-020 2.14439e-020 2.08643e-020 2.03004e-020 1.97517e-020 1.92179e-020 1.86985e-020 1.81931e-020 1.77014e-020 1.7223e-020 1.67575e-020 1.63046e-020 1.5864e-020 1.54352e-020 1.5018e-020 1.46121e-020 1.42172e-020 1.3833e-020 1.34591e-020 1.30953e-020 1.27414e-020 1.23971e-020 1.2062e-020 1.1736e-020 1.14188e-020 1.11102e-020 1.08099e-020 1.05178e-020 1.02335e-020 9.95691e-021 9.68781e-021 9.42598e-021 9.17122e-021 8.92335e-021 5.5411e-006 4.61758e-006 3.84798e-006 3.20665e-006 2.67221e-006 2.22684e-006 4.34929e-018 8.49469e-030 1.65912e-041 3.24045e-053 0 0 0 0 0 0 0 0 0 0 0 0 0 0 0 0 0 0 0 0 0 0 0 0 0 0 0 
0 0 0 0 8.11293e-083 0 0 0 0 0 0 0 0 0 0 0 0 0 0 0 0 0 0 0 0 0 0 0 0 0 0 0 0 0 0 0 0 0 0 0 0 0 0 0 0 0 0 5.53764e-044 3.43869e-029 2.86557e-029 2.38798e-029 1.98998e-029 1.65832e-029 1.91556e-007 9.88678e-008 5.10285e-008 2.63373e-008 5.09754e-009 2.63099e-009 5.09224e-010 9.85595e-011 1.9076e-011 9.84569e-012 5.08165e-012 2.62279e-012 5.07636e-013 4.91261e-014 4.75413e-015 4.60078e-016 8.90473e-017 8.61748e-018 8.33949e-019 8.07048e-020 7.81014e-021 7.5582e-022 7.31439e-023 3.77517e-023 1.94847e-023 1.00566e-023 5.19052e-024 2.67898e-024 1.3827e-024 7.13651e-025 3.68336e-025 

 Iteration no: 17
0.2 0.128 0.08192 0.0524288 0.0335544 1.08398e-009 3.50183e-017 1.13127e-024 3.65461e-032 1.18063e-039 1.81714e-305 0 0 0 0 0 0 0 0 0 0 0 0 0 0 0 0 0 0 0 0 0 0 0 0 0 0 0 0 0 0 0 0 0 0 0 0 0 0 0 0 0 0 0 0 0 0 0 0 0 0 0 0 0 0 0 0 0 0 0 0 0 0 0 0 0 0 0 0 0 0 0 0 0 
0 2.24142e-034 1.43451e-034 9.18085e-035 5.87574e-035 0.00671089 0.00536871 0.00429497 0.00343597 0.00274878 6.13317e-014 1.36845e-024 3.05334e-035 6.81273e-046 1.52008e-056 3.39165e-067 7.56758e-078 1.6885e-088 3.76745e-099 8.40606e-110 1.87559e-120 4.18488e-131 9.33745e-142 2.08341e-152 4.64857e-163 1.0372e-173 2.31425e-184 5.16363e-195 1.15213e-205 2.57067e-216 5.73576e-227 1.27978e-237 2.85549e-248 6.37128e-259 1.42158e-269 3.17188e-280 7.07722e-291 1.57909e-301 3.52333e-312 7.90505e-323 0 0 0 0 0 0 0 0 0 0 0 0 0 0 0 0 0 0 0 0 0 0 0 0 0 0 0 0 0 0 0 0 0 0 0 0 0 0 0 0 0 0 0 0 
0 0 3.81595e-060 2.44221e-060 1.56301e-060 3.79684e-060 4.33649e-028 3.4692e-028 2.77536e-028 2.22028e-028 0.000549756 0.000534897 0.000520441 0.000506375 0.000492689 0.000479373 0.000466417 0.000453811 0.000441546 0.000429612 0.000418001 0.000406704 0.000395712 0.000385017 0.000374611 0.000364486 0.000354635 0.000345051 0.000335725 0.000326651 0.000317823 0.000309233 0.000300876 0.000292744 0.000284832 0.000277134 0.000269643 0.000262356 0.000255265 0.000248366 0.000241653 0.000235122 0.000228768 0.000222585 0.000216569 0.000210716 0.000205021 1.69804e-029 1.40637e-054 1.16479e-079 9.64716e-105 7.99005e-130 6.61759e-155 0 0 0 0 0 0 0 0 0 0 0 0 0 0 0 0 0 0 0 0 0 0 0 0 0 0 0 0 0 0 0 
0 0 0 1.03134e-061 1.5195e-061 0 0 0 0 0 1.34217e-045 3.32329e-021 3.23347e-021 3.14608e-021 3.06105e-021 2.97832e-021 2.89782e-021 2.8195e-021 2.7433e-021 2.66916e-021 2.59702e-021 2.52683e-021 2.45853e-021 2.39209e-021 2.32744e-021 2.26453e-021 2.20333e-021 2.14378e-021 2.08584e-021 2.02947e-021 1.97461e-021 1.92125e-021 1.86932e-021 1.8188e-021 1.76964e-021 1.72181e-021 1.67528e-021 1.63e-021 1.58595e-021 1.54308e-021 1.50138e-021 1.4608e-021 1.42132e-021 1.38291e-021 1.34553e-021 1.30916e-021 1.27378e-021 5.5411e-006 4.61758e-006 3.84799e-006 3.20666e-006 2.67221e-006 2.22684e-006 1.17038e-018 6.15129e-031 3.23299e-043 1.69919e-055 0 0 0 0 0 0 0 0 0 0 0 0 0 0 0 0 0 0 0 0 0 0 0 0 0 0 0 
0 0 0 0 2.47752e-086 0 0 0 0 0 0 0 0 0 0 0 0 0 0 0 0 0 0 0 0 0 0 0 0 0 0 0 0 0 0 0 0 0 0 0 0 0 0 0 0 0 0 3.05993e-046 1.33111e-030 1.10925e-030 9.24379e-031 7.70316e-031 6.4193e-031 1.91556e-007 9.88679e-008 5.10286e-008 2.63373e-008 5.09755e-009 2.63099e-009 5.09224e-010 9.85595e-011 1.9076e-011 9.8457e-012 5.08165e-012 2.62279e-012 5.07636e-013 4.91261e-014 4.75414e-015 4.60078e-016 8.90473e-017 8.61748e-018 8.3395e-019 8.07048e-020 7.81014e-021 7.5582e-022 7.31439e-023 3.77517e-023 1.94847e-023 1.00566e-023 5.19053e-024 2.67898e-024 1.3827e-024 7.13652e-025 3.68336e-025 

 Iteration no: 18
0.2 0.128 0.08192 0.0524288 0.0335544 2.16797e-010 1.40073e-018 9.0502e-027 5.84737e-035 3.77801e-043 0 0 0 0 0 0 0 0 0 0 0 0 0 0 0 0 0 0 0 0 0 0 0 0 0 0 0 0 0 0 0 0 0 0 0 0 0 0 0 0 0 0 0 0 0 0 0 0 0 0 0 0 0 0 0 0 0 0 0 0 0 0 0 0 0 0 0 0 0 0 0 0 0 0 
0 5.60355e-035 3.58627e-035 2.29521e-035 1.46894e-035 0.00671089 0.00536871 0.00429497 0.00343597 0.00274878 1.00857e-014 3.70057e-026 1.35779e-037 4.98193e-049 1.82794e-060 6.70698e-072 2.46088e-083 9.02934e-095 3.31299e-106 1.21558e-117 4.46015e-129 1.63649e-140 6.00452e-152 2.20314e-163 8.08365e-175 2.966e-186 1.08827e-197 3.99301e-209 1.46509e-220 5.37563e-232 1.9724e-243 7.237e-255 2.65536e-266 9.74289e-278 3.5748e-289 1.31165e-300 4.81262e-312 1.97626e-323 0 0 0 0 0 0 0 0 0 0 0 0 0 0 0 0 0 0 0 0 0 0 0 0 0 0 0 0 0 0 0 0 0 0 0 0 0 0 0 0 0 0 0 0 0 0 
0 0 3.01039e-062 1.92665e-062 1.23306e-062 3.12012e-062 1.42544e-029 1.14035e-029 9.12279e-030 7.29823e-030 0.000549756 0.000534898 0.000520441 0.000506375 0.000492689 0.000479373 0.000466417 0.000453811 0.000441546 0.000429612 0.000418001 0.000406704 0.000395712 0.000385017 0.000374611 0.000364487 0.000354636 0.000345051 0.000335725 0.000326651 0.000317823 0.000309233 0.000300876 0.000292744 0.000284832 0.000277134 0.000269644 0.000262356 0.000255265 0.000248366 0.000241654 0.000235122 0.000228768 0.000222585 0.000216569 0.000210716 0.000205021 5.35832e-031 1.40042e-057 3.66007e-084 9.56578e-111 2.50006e-137 6.53404e-164 0 0 0 0 0 0 0 0 0 0 0 0 0 0 0 0 0 0 0 0 0 0 0 0 0 0 0 0 0 0 0 
0 0 0 8.13619e-064 1.19873e-063 0 0 0 0 0 6.29771e-048 4.74389e-022 4.61568e-022 4.49093e-022 4.36955e-022 4.25145e-022 4.13655e-022 4.02475e-022 3.91597e-022 3.81014e-022 3.70716e-022 3.60697e-022 3.50948e-022 3.41463e-022 3.32234e-022 3.23255e-022 3.14518e-022 3.06018e-022 2.97747e-022 2.897e-022 2.8187e-022 2.74252e-022 2.6684e-022 2.59628e-022 2.52611e-022 2.45784e-022 2.39141e-022 2.32678e-022 2.26389e-022 2.2027e-022 2.14317e-022 2.08525e-022 2.02889e-022 1.97406e-022 1.9207e-022 1.86879e-022 1.81828e-022 5.5411e-006 4.61758e-006 3.84799e-006 3.20666e-006 2.67221e-006 2.22684e-006 3.14947e-019 4.45436e-032 6.29988e-045 8.91005e-058 0 0 0 0 0 0 0 0 0 0 0 0 0 0 0 0 0 0 0 0 0 0 0 0 0 0 0 
0 0 0 0 7.56584e-090 0 0 0 0 0 0 0 0 0 0 0 0 0 0 0 0 0 0 0 0 0 0 0 0 0 0 0 0 0 0 0 0 0 0 0 0 0 0 0 0 0 0 1.69082e-048 5.15267e-032 4.29389e-032 3.57824e-032 2.98187e-032 2.48489e-032 1.91556e-007 9.88679e-008 5.10286e-008 2.63373e-008 5.09755e-009 2.63099e-009 5.09224e-010 9.85595e-011 1.9076e-011 9.8457e-012 5.08165e-012 2.62279e-012 5.07636e-013 4.91261e-014 4.75414e-015 4.60078e-016 8.90473e-017 8.61748e-018 8.3395e-019 8.07048e-020 7.81015e-021 7.55821e-022 7.31439e-023 3.77517e-023 1.94848e-023 1.00566e-023 5.19053e-024 2.67898e-024 1.3827e-024 7.13652e-025 3.68336e-025 

 Iteration no: 19
0.2 0.128 0.08192 0.0524288 0.0335544 4.33593e-011 5.60293e-020 7.24016e-029 9.3558e-038 1.20896e-046 0 0 0 0 0 0 0 0 0 0 0 0 0 0 0 0 0 0 0 0 0 0 0 0 0 0 0 0 0 0 0 0 0 0 0 0 0 0 0 0 0 0 0 0 0 0 0 0 0 0 0 0 0 0 0 0 0 0 0 0 0 0 0 0 0 0 0 0 0 0 0 0 0 0 
0 1.40089e-035 8.96568e-036 5.73803e-036 3.67234e-036 0.00671089 0.00536871 0.00429497 0.00343597 0.00274878 1.65853e-015 1.00071e-027 6.03797e-040 3.64313e-052 2.19816e-064 1.3263e-076 8.0025e-089 4.82847e-101 2.91335e-113 1.75783e-125 1.06062e-137 6.39947e-150 3.86125e-162 2.32976e-174 1.40571e-186 8.48163e-199 5.11756e-211 3.08778e-223 1.86307e-235 1.12412e-247 6.78262e-260 4.09243e-272 2.46925e-284 1.48987e-296 8.98943e-309 5.42484e-321 0 0 0 0 0 0 0 0 0 0 0 0 0 0 0 0 0 0 0 0 0 0 0 0 0 0 0 0 0 0 0 0 0 0 0 0 0 0 0 0 0 0 0 0 0 0 0 0 
0 0 2.37489e-064 1.51993e-064 9.72755e-065 2.56401e-064 4.68551e-031 3.74841e-031 2.99873e-031 2.39898e-031 0.000549756 0.000534898 0.000520441 0.000506375 0.000492689 0.000479373 0.000466417 0.000453811 0.000441546 0.000429612 0.000418001 0.000406704 0.000395712 0.000385017 0.000374611 0.000364487 0.000354636 0.000345051 0.000335725 0.000326651 0.000317823 0.000309233 0.000300876 0.000292744 0.000284832 0.000277134 0.000269644 0.000262356 0.000255265 0.000248366 0.000241654 0.000235122 0.000228768 0.000222585 0.000216569 0.000210716 0.000205021 1.69086e-032 1.3945e-060 1.15009e-088 9.4851e-117 7.82263e-145 6.45155e-173 0 0 0 0 0 0 0 0 0 0 0 0 0 0 0 0 0 0 0 0 0 0 0 0 0 0 0 0 0 0 0 
0 0 0 6.41862e-066 9.45677e-066 0 0 0 0 0 2.95501e-050 6.77175e-023 6.58873e-023 6.41066e-023 6.2374e-023 6.06882e-023 5.9048e-023 5.74521e-023 5.58993e-023 5.43885e-023 5.29186e-023 5.14883e-023 5.00968e-023 4.87428e-023 4.74254e-023 4.61437e-023 4.48965e-023 4.36831e-023 4.25025e-023 4.13538e-023 4.02361e-023 3.91486e-023 3.80906e-023 3.70611e-023 3.60594e-023 3.50849e-023 3.41366e-023 3.3214e-023 3.23163e-023 3.14429e-023 3.05931e-023 2.97663e-023 2.89618e-023 2.8179e-023 2.74174e-023 2.66764e-023 2.59554e-023 5.5411e-006 4.61758e-006 3.84799e-006 3.20666e-006 2.67221e-006 2.22684e-006 8.47513e-020 3.22555e-033 1.22761e-046 4.67215e-060 0 0 0 0 0 0 0 0 0 0 0 0 0 0 0 0 0 0 0 0 0 0 0 0 0 0 0 
0 0 0 0 2.31045e-093 0 0 0 0 0 0 0 0 0 0 0 0 0 0 0 0 0 0 0 0 0 0 0 0 0 0 0 0 0 0 0 0 0 0 0 0 0 0 0 0 0 0 9.34295e-051 1.99458e-033 1.66215e-033 1.38513e-033 1.15427e-033 9.61893e-034 1.91556e-007 9.88679e-008 5.10286e-008 2.63373e-008 5.09755e-009 2.63099e-009 5.09224e-010 9.85595e-011 1.9076e-011 9.8457e-012 5.08165e-012 2.62279e-012 5.07636e-013 4.91261e-014 4.75414e-015 4.60078e-016 8.90473e-017 8.61748e-018 8.3395e-019 8.07048e-020 7.81015e-021 7.55821e-022 7.31439e-023 3.77517e-023 1.94848e-023 1.00566e-023 5.19053e-024 2.67898e-024 1.3827e-024 7.13652e-025 3.68336e-025 

 Iteration no: 20
0.2 0.128 0.08192 0.0524288 0.0335544 8.67187e-012 2.24117e-021 5.79213e-031 1.49693e-040 3.86869e-050 0 0 0 0 0 0 0 0 0 0 0 0 0 0 0 0 0 0 0 0 0 0 0 0 0 0 0 0 0 0 0 0 0 0 0 0 0 0 0 0 0 0 0 0 0 0 0 0 0 0 0 0 0 0 0 0 0 0 0 0 0 0 0 0 0 0 0 0 0 0 0 0 0 0 
0 3.50222e-036 2.24142e-036 1.43451e-036 9.18085e-037 0.00671089 0.00536871 0.00429497 0.00343597 0.00274878 2.72736e-016 2.70611e-029 2.68503e-042 2.66411e-055 2.64335e-068 2.62275e-081 2.60232e-094 2.58204e-107 2.56192e-120 2.54196e-133 2.52216e-146 2.5025e-159 2.48301e-172 2.46366e-185 2.44446e-198 2.42542e-211 2.40652e-224 2.38777e-237 2.36916e-250 2.3507e-263 2.33239e-276 2.31422e-289 2.29618e-302 2.27829e-315 0 0 0 0 0 0 0 0 0 0 0 0 0 0 0 0 0 0 0 0 0 0 0 0 0 0 0 0 0 0 0 0 0 0 0 0 0 0 0 0 0 0 0 0 0 0 0 0 0 0 
0 0 1.87354e-066 1.19907e-066 7.67403e-067 2.10702e-066 1.54016e-032 1.23213e-032 9.85703e-033 7.88562e-033 0.000549756 0.000534898 0.000520441 0.000506375 0.000492689 0.000479373 0.000466417 0.000453811 0.000441546 0.000429612 0.000418001 0.000406704 0.000395712 0.000385017 0.000374611 0.000364487 0.000354636 0.000345051 0.000335725 0.000326651 0.000317823 0.000309233 0.000300876 0.000292744 0.000284832 0.000277134 0.000269644 0.000262356 0.000255265 0.000248366 0.000241654 0.000235122 0.000228768 0.000222585 0.000216569 0.000210716 0.000205021 5.33567e-034 1.38861e-063 3.61386e-093 9.40509e-123 2.44768e-152 6.37009e-182 0 0 0 0 0 0 0 0 0 0 0 0 0 0 0 0 0 0 0 0 0 0 0 0 0 0 0 0 0 0 0 
0 0 0 5.06363e-068 7.46041e-068 0 0 0 0 0 1.38655e-052 9.66647e-024 9.40521e-024 9.15102e-024 8.90369e-024 8.66305e-024 8.42892e-024 8.20111e-024 7.97946e-024 7.7638e-024 7.55396e-024 7.3498e-024 7.15116e-024 6.95788e-024 6.76983e-024 6.58687e-024 6.40884e-024 6.23563e-024 6.0671e-024 5.90312e-024 5.74358e-024 5.58835e-024 5.43731e-024 5.29036e-024 5.14737e-024 5.00826e-024 4.8729e-024 4.7412e-024 4.61306e-024 4.48838e-024 4.36707e-024 4.24904e-024 4.1342e-024 4.02247e-024 3.91375e-024 3.80798e-024 3.70506e-024 5.5411e-006 4.61758e-006 3.84799e-006 3.20666e-006 2.67221e-006 2.22684e-006 2.28064e-020 2.33573e-034 2.39215e-048 2.44993e-062 0 0 0 0 0 0 0 0 0 0 0 0 0 0 0 0 0 0 0 0 0 0 0 0 0 0 0 
0 0 0 0 7.05565e-097 0 0 0 0 0 0 0 0 0 0 0 0 0 0 0 0 0 0 0 0 0 0 0 0 0 0 0 0 0 0 0 0 0 0 0 0 0 0 0 0 0 0 5.16262e-053 7.72096e-035 6.43413e-035 5.36178e-035 4.46815e-035 3.72346e-035 1.91556e-007 9.88679e-008 5.10286e-008 2.63373e-008 5.09755e-009 2.63099e-009 5.09224e-010 9.85595e-011 1.9076e-011 9.8457e-012 5.08165e-012 2.62279e-012 5.07636e-013 4.91261e-014 4.75414e-015 4.60078e-016 8.90473e-017 8.61748e-018 8.3395e-019 8.07048e-020 7.81015e-021 7.55821e-022 7.31439e-023 3.77517e-023 1.94848e-023 1.00566e-023 5.19053e-024 2.67898e-024 1.3827e-024 7.13652e-025 3.68336e-025 

