 Iteration no: 1
 matrix beta
0.00275445 0.00549008 0.000475913 0.0265193 0.301615 
9.23689e-006 2.99644e-005 1.59342e-006 0.00788208 0.0909717 
3.79437e-008 1.63508e-007 4.14377e-007 0.0023773 0.0274384 
1.80244e-010 9.06506e-010 1.24952e-007 0.000717031 0.00827585 
9.34495e-013 9.34402e-012 3.76874e-008 0.000216267 0.00249612 
7.64596e-015 1.37782e-012 1.13671e-008 6.52295e-005 0.000752868 
8.47437e-016 4.07713e-013 3.42848e-009 1.96742e-005 0.000227076 
2.47723e-016 1.2293e-013 1.03408e-009 5.93404e-006 6.84897e-005 
1.03805e-015 2.46968e-013 2.99667e-008 2.46332e-006 2.56759e-005 
2.09186e-015 6.90439e-012 1.25213e-008 9.33195e-007 9.62558e-006 
5.81624e-014 3.40289e-012 4.74676e-009 3.5024e-007 3.60851e-006 
0 9.7825e-322 3.95226e-233 2.96461e-008 3.42651e-007 
0 0 3.34539e-234 2.81509e-009 3.25369e-008 
0 0 3.17666e-235 2.6731e-010 3.08959e-009 
0 0 1.15636e-013 1.56878e-011 1.70533e-010 
0 0 0 5.15406e-013 5.95709e-012 
0 0 0 1.80042e-014 2.08094e-013 
0 0 0 6.28927e-016 7.26917e-015 
0 0 2.72067e-019 3.69102e-017 4.0123e-016 
0 9.57859e-024 2.05249e-021 1.0486e-017 1.21017e-016 
5.77703e-027 1.24511e-025 5.51242e-022 3.16246e-018 3.65006e-017 
8.75234e-029 2.00866e-026 1.6622e-022 9.53846e-019 1.10091e-017 
0 0 4.12624e-022 5.5905e-020 6.07661e-019 
0 0 2.41839e-023 3.09711e-021 3.35405e-020 
0 0 1.33978e-024 1.70988e-022 1.8513e-021 
0 4.71691e-029 9.54185e-027 4.83834e-023 5.58382e-022 
0 0 2.09302e-026 2.83551e-024 3.08205e-023 
0 7.36883e-031 1.57688e-028 8.05482e-025 9.29592e-024 
4.44428e-034 9.57129e-033 4.23437e-029 2.42924e-025 2.80379e-024 
6.72874e-036 1.54299e-033 1.27682e-029 7.32697e-026 8.45666e-025 
9.45084e-037 4.57943e-034 3.85108e-030 2.20992e-026 2.55066e-025 
4.17008e-037 3.13778e-033 2.96055e-028 2.54038e-027 1.74739e-027 
9.02606e-037 2.41149e-031 3.69284e-029 2.75682e-028 1.1971e-029 
5.93197e-035 3.06126e-032 4.05449e-030 2.98116e-029 8.20102e-032 
2.66317e-035 3.37022e-033 4.39043e-031 3.22305e-030 5.61832e-034 
9.41715e-036 3.65069e-034 4.74734e-032 3.48451e-031 3.84898e-036 
3.12762e-036 3.9476e-035 5.13253e-033 3.76718e-032 2.63684e-038 
1.09156e-037 2.94078e-034 3.54856e-033 1.77796e-034 3.99908e-245 
7.06336e-037 2.09113e-034 2.43831e-033 8.39129e-037 0 
5.05158e-037 1.4384e-034 1.67535e-033 3.96037e-039 0 
3.47565e-037 9.88353e-035 1.15113e-033 1.86914e-041 0 
2.38821e-037 6.79094e-035 7.90934e-034 8.82162e-044 0 
1.64093e-037 4.66603e-035 5.43447e-034 4.16346e-046 0 
1.12748e-037 3.20601e-035 3.734e-034 1.96499e-048 0 
7.74684e-038 2.20283e-035 2.56562e-034 9.27401e-051 0 
5.32282e-038 1.51356e-035 1.76282e-034 4.37698e-053 0 
3.65729e-038 1.03996e-035 1.21123e-034 2.06576e-055 0 
2.51291e-038 7.14551e-036 8.32231e-035 9.74961e-058 0 
1.72661e-038 4.90965e-036 5.71822e-035 4.60144e-060 0 
1.18634e-038 3.3734e-036 3.92896e-035 2.1717e-062 0 
8.15132e-039 2.31785e-036 2.69957e-035 1.02496e-064 0 
5.60074e-039 1.59258e-036 1.85487e-035 4.83741e-067 0 
3.84824e-039 1.09426e-036 1.27447e-035 2.28307e-069 0 
2.64411e-039 7.5186e-037 8.75683e-036 1.07752e-071 0 
1.81676e-039 5.16599e-037 6.01678e-036 5.08549e-074 0 
1.24829e-039 3.54953e-037 4.1341e-036 2.40015e-076 0 
8.57692e-040 2.43887e-037 2.84053e-036 1.13278e-078 0 
5.89317e-040 1.67574e-037 1.95171e-036 5.34628e-081 0 
4.04917e-040 1.15139e-037 1.34101e-036 2.52324e-083 0 
2.78217e-040 7.91116e-038 9.21405e-037 1.19087e-085 0 
1.91161e-040 5.43572e-038 6.33093e-037 5.62045e-088 0 
1.31346e-040 3.73486e-038 4.34996e-037 2.65264e-090 0 
9.02474e-041 2.56621e-038 2.98884e-037 1.25194e-092 0 
6.20086e-041 1.76323e-038 2.05362e-037 5.90868e-095 0 
4.26059e-041 1.21151e-038 1.41103e-037 2.78867e-097 0 
2.92743e-041 8.32422e-039 9.69513e-038 1.31614e-099 0 
2.01142e-041 5.71953e-039 6.66148e-038 6.21169e-102 0 
1.38204e-041 3.92987e-039 4.57708e-038 2.93168e-104 0 
9.49594e-042 2.70019e-039 3.14489e-038 1.38364e-106 0 
6.52462e-042 1.85529e-039 2.16084e-038 6.53024e-109 0 
4.48304e-042 1.27476e-039 1.4847e-038 3.08202e-111 0 
3.08028e-042 8.75884e-040 1.02013e-038 1.4546e-113 0 
2.11645e-042 6.01816e-040 7.00929e-039 6.86513e-116 0 
1.4542e-042 4.13505e-040 4.81606e-039 3.24008e-118 0 
1.25293e-042 1.11266e-041 7.06715e-041 6.24699e-121 0 
5.94968e-043 2.27507e-043 1.03704e-042 1.20444e-123 0 
2.75429e-043 4.15408e-045 1.52177e-044 2.32221e-126 0 
1.27362e-043 7.13136e-047 2.23307e-046 4.4773e-129 0 
5.88915e-044 1.17796e-048 3.27683e-048 8.63241e-132 0 
1.90002e-044 5.27693e-051 3.21001e-050 9.33268e-133 0 
6.13003e-045 3.78287e-053 3.14456e-052 1.00898e-133 0 
1.97773e-045 3.39878e-055 3.08043e-054 1.09083e-134 0 
6.38076e-046 3.26152e-057 3.01762e-056 1.17931e-135 0 

 Iteration no: 2
 matrix beta
1.53549e-073 2.42384e-014 6.17116e-006 0.0883538 0.514986 
3.72178e-087 1.49579e-019 5.45246e-007 0.0454212 0.265211 
2.29677e-092 1.32159e-020 2.80302e-007 0.0233913 0.13658 
2.02928e-093 6.79407e-021 1.44351e-007 0.0120462 0.0703367 
1.04322e-093 3.49885e-021 7.43389e-008 0.00620361 0.0362224 
5.37244e-094 1.80186e-021 3.82835e-008 0.00319477 0.018654 
2.76673e-094 9.27933e-022 1.97155e-008 0.00164526 0.00960657 
1.42483e-094 4.77872e-022 1.01532e-008 0.000847288 0.00494725 
0 0 0 8.17911e-005 0.000477745 
0 0 0 7.89839e-006 4.61348e-005 
0 0 0 7.6273e-007 4.45514e-006 
0 0 0 7.36552e-008 4.30223e-007 
0 0 0 7.11272e-009 4.15457e-008 
0 0 0 6.8686e-010 4.01198e-009 
0 0 7.41991e-025 1.32657e-010 7.74856e-010 
0 0 0 1.28104e-011 7.48262e-011 
0 0 0 1.23707e-012 7.2258e-012 
0 0 0 1.19462e-013 6.9778e-013 
0 0 1.2905e-028 2.30723e-014 1.34766e-013 
0 3.12797e-042 1.42383e-019 1.18862e-014 6.94027e-014 
4.80296e-115 3.45114e-033 7.33518e-020 6.12124e-015 3.57414e-014 
5.29918e-106 1.77793e-033 3.77752e-020 3.15235e-015 1.84063e-014 
0 0 3.40538e-030 6.08611e-016 3.55492e-015 
0 0 6.57461e-031 1.17544e-016 6.86582e-016 
0 0 1.26979e-031 2.2702e-017 1.32603e-016 
0 3.07778e-045 1.40098e-022 1.16955e-017 6.82889e-017 
0 0 1.26342e-032 2.25799e-018 1.3189e-017 
0 3.06233e-046 1.39344e-023 1.16326e-018 6.79217e-018 
4.70217e-119 3.37749e-037 7.17865e-024 5.99061e-019 3.49787e-018 
5.18609e-110 1.73999e-037 3.6969e-024 3.08508e-019 1.80135e-018 
2.67174e-110 8.96072e-038 1.90385e-024 1.58877e-019 9.27672e-019 
1.39845e-046 4.93213e-027 4.34116e-021 1.31851e-019 2.01749e-021 
7.69733e-036 1.12462e-023 3.61412e-021 1.09136e-019 4.38763e-024 
1.75543e-032 9.36277e-024 2.99155e-021 9.03339e-020 9.54218e-027 
2.12272e-032 7.74993e-024 2.47616e-021 7.4771e-020 2.07522e-029 
2.00943e-032 6.41475e-024 2.04956e-021 6.18893e-020 4.51318e-032 
1.75836e-032 5.3096e-024 1.69646e-021 5.12268e-020 9.81523e-035 
2.96269e-025 1.61746e-021 1.6464e-021 4.57467e-023 2.63975e-252 
9.02523e-023 1.60703e-021 1.59635e-021 4.08528e-026 0 
8.96999e-023 1.55907e-021 1.54782e-021 3.64824e-029 0 
8.7024e-023 1.5117e-021 1.50077e-021 3.25796e-032 0 
8.43797e-023 1.46575e-021 1.45515e-021 2.90943e-035 0 
8.18147e-023 1.42119e-021 1.41092e-021 2.59818e-038 0 
7.93277e-023 1.37799e-021 1.36803e-021 2.32024e-041 0 
7.69163e-023 1.3361e-021 1.32644e-021 2.07202e-044 0 
7.45781e-023 1.29548e-021 1.28612e-021 1.85036e-047 0 
7.23111e-023 1.2561e-021 1.24702e-021 1.65241e-050 0 
7.01129e-023 1.21792e-021 1.20912e-021 1.47564e-053 0 
6.79816e-023 1.1809e-021 1.17236e-021 1.31778e-056 0 
6.59151e-023 1.145e-021 1.13672e-021 1.1768e-059 0 
6.39113e-023 1.11019e-021 1.10217e-021 1.05091e-062 0 
6.19685e-023 1.07644e-021 1.06866e-021 9.38488e-066 0 
6.00848e-023 1.04372e-021 1.03618e-021 8.3809e-069 0 
5.82583e-023 1.01199e-021 1.00468e-021 7.48433e-072 0 
5.64873e-023 9.81231e-022 9.74139e-022 6.68367e-075 0 
5.47702e-023 9.51403e-022 9.44527e-022 5.96866e-078 0 
5.31053e-023 9.22482e-022 9.15815e-022 5.33014e-081 0 
5.1491e-023 8.9444e-022 8.87975e-022 4.75994e-084 0 
4.99257e-023 8.67251e-022 8.60982e-022 4.25073e-087 0 
4.8408e-023 8.40887e-022 8.3481e-022 3.79599e-090 0 
4.69365e-023 8.15326e-022 8.09433e-022 3.3899e-093 0 
4.55097e-023 7.90541e-022 7.84827e-022 3.02726e-096 0 
4.41263e-023 7.6651e-022 7.6097e-022 2.70341e-099 0 
4.27849e-023 7.43209e-022 7.37837e-022 2.4142e-102 0 
4.14843e-023 7.20617e-022 7.15408e-022 2.15593e-105 0 
4.02233e-023 6.98711e-022 6.93661e-022 1.9253e-108 0 
3.90005e-023 6.77471e-022 6.72575e-022 1.71933e-111 0 
3.7815e-023 6.56877e-022 6.52129e-022 1.5354e-114 0 
3.66655e-023 6.36909e-022 6.32306e-022 1.37115e-117 0 
3.55509e-023 6.17548e-022 6.13085e-022 1.22446e-120 0 
3.44702e-023 5.98776e-022 5.94448e-022 1.09347e-123 0 
3.34223e-023 5.80574e-022 5.76377e-022 9.76495e-127 0 
3.24064e-023 5.62925e-022 5.58856e-022 8.72031e-130 0 
3.14213e-023 5.45813e-022 5.41868e-022 7.78743e-133 0 
4.03189e-023 1.14153e-023 2.1901e-025 5.69484e-218 0 
1.76326e-023 2.34326e-025 8.85187e-029 4.16455e-303 0 
7.47574e-024 4.80833e-027 3.57772e-032 0 0 
3.16483e-024 9.86657e-029 1.44603e-035 0 0 
1.33972e-024 2.02459e-030 5.84451e-039 0 0 
5.04866e-025 1.32495e-039 1.53987e-041 0 0 
1.90256e-025 3.98929e-044 4.05716e-044 0 0 
7.16967e-026 1.05105e-046 1.06895e-046 0 0 
2.70185e-026 2.76924e-049 2.81641e-049 0 0 

 Iteration no: 3
 matrix beta
6.43061e-205 4.62406e-034 1.64785e-006 0.0861288 0.51608 
2.97355e-238 7.61974e-040 1.41927e-007 0.0444277 0.266338 
4.89996e-244 6.56279e-041 7.32099e-008 0.0229282 0.137452 
4.22028e-245 3.38527e-041 3.77821e-008 0.0118328 0.070936 
2.17694e-245 1.74707e-041 1.94986e-008 0.00610665 0.0366086 
1.12347e-245 9.01627e-042 1.00628e-008 0.00315152 0.018893 
5.79801e-246 4.65311e-042 5.19322e-009 0.00162643 0.00975027 
2.99224e-246 2.40138e-042 2.68011e-009 0.000839369 0.00503191 
0 0 0 8.12154e-005 0.000486924 
0 0 0 7.85898e-006 4.71182e-005 
0 0 0 7.60491e-007 4.55949e-006 
0 0 0 7.35905e-008 4.41209e-007 
0 0 0 7.12114e-009 4.26945e-008 
0 0 0 6.89092e-010 4.13142e-009 
0 0 9.19974e-039 1.33363e-010 7.99572e-010 
0 0 0 1.29051e-011 7.73722e-011 
0 0 0 1.24879e-012 7.48709e-012 
0 0 0 1.20842e-013 7.24504e-013 
0 0 1.6133e-042 2.33871e-014 1.40216e-013 
0 7.46002e-076 3.85383e-020 1.20708e-014 7.23627e-014 
4.79725e-280 1.78204e-053 1.98908e-020 6.22948e-015 3.73449e-014 
1.14596e-257 9.19762e-054 1.02652e-020 3.21491e-015 1.9273e-014 
0 0 4.29207e-044 6.22134e-016 3.72998e-015 
0 0 8.30581e-045 1.20404e-016 7.21878e-016 
0 0 1.60746e-045 2.33023e-017 1.39708e-016 
0 7.43298e-079 3.83986e-023 1.2027e-017 7.21005e-017 
0 0 1.60567e-046 2.32741e-018 1.39539e-017 
0 7.42472e-080 3.83522e-024 1.20125e-018 7.20133e-018 
4.77455e-284 1.77343e-057 1.97947e-024 6.19939e-019 3.71646e-018 
1.14042e-261 9.1532e-058 1.02156e-024 3.19938e-019 1.91799e-018 
5.88606e-262 4.72378e-058 5.27208e-025 1.65113e-019 9.89834e-019 
3.00672e-073 4.332e-029 4.503e-021 1.37558e-019 8.40794e-023 
2.75735e-044 3.70005e-025 3.7519e-021 1.1459e-019 7.14195e-027 
2.35522e-040 3.08288e-025 3.12544e-021 9.54568e-020 6.06658e-031 
2.86776e-040 2.56813e-025 2.60358e-021 7.95183e-020 5.15313e-035 
2.73716e-040 2.13933e-025 2.16886e-021 6.62411e-020 4.37722e-039 
2.41402e-040 1.78212e-025 1.80672e-021 5.51807e-020 3.71814e-043 
6.22096e-027 1.70569e-021 1.75749e-021 7.04699e-024 1.00184e-280 
5.95415e-023 1.69006e-021 1.70937e-021 8.99953e-028 0 
5.89966e-023 1.64435e-021 1.66256e-021 1.14931e-031 0 
5.74009e-023 1.59934e-021 1.61704e-021 1.46775e-035 0 
5.58297e-023 1.55555e-021 1.57277e-021 1.87443e-039 0 
5.43011e-023 1.51296e-021 1.52971e-021 2.39378e-043 0 
5.28143e-023 1.47153e-021 1.48783e-021 3.05704e-047 0 
5.13683e-023 1.43124e-021 1.44709e-021 3.90407e-051 0 
4.99619e-023 1.39206e-021 1.40747e-021 4.98578e-055 0 
4.85939e-023 1.35394e-021 1.36893e-021 6.36722e-059 0 
4.72635e-023 1.31687e-021 1.33145e-021 8.13141e-063 0 
4.59694e-023 1.28082e-021 1.295e-021 1.03844e-066 0 
4.47108e-023 1.24575e-021 1.25954e-021 1.32617e-070 0 
4.34866e-023 1.21164e-021 1.22506e-021 1.69362e-074 0 
4.2296e-023 1.17847e-021 1.19151e-021 2.16287e-078 0 
4.11379e-023 1.1462e-021 1.15889e-021 2.76215e-082 0 
4.00116e-023 1.11482e-021 1.12716e-021 3.52747e-086 0 
3.89161e-023 1.0843e-021 1.0963e-021 4.50484e-090 0 
3.78506e-023 1.05461e-021 1.06628e-021 5.75302e-094 0 
3.68143e-023 1.02573e-021 1.03709e-021 7.34703e-098 0 
3.58063e-023 9.97649e-022 1.0087e-021 9.38271e-102 0 
3.4826e-023 9.70334e-022 9.81077e-022 1.19824e-105 0 
3.38724e-023 9.43767e-022 9.54216e-022 1.53024e-109 0 
3.2945e-023 9.17927e-022 9.2809e-022 1.95424e-113 0 
3.2043e-023 8.92795e-022 9.02679e-022 2.49571e-117 0 
3.11657e-023 8.6835e-022 8.77964e-022 3.1872e-121 0 
3.03124e-023 8.44575e-022 8.53926e-022 4.07029e-125 0 
2.94824e-023 8.21451e-022 8.30546e-022 5.19807e-129 0 
2.86752e-023 7.9896e-022 8.07806e-022 6.63832e-133 0 
2.78901e-023 7.77085e-022 7.85689e-022 8.47763e-137 0 
2.71265e-023 7.55809e-022 7.64177e-022 1.08266e-140 0 
2.63838e-023 7.35115e-022 7.43254e-022 1.38263e-144 0 
2.56614e-023 7.14988e-022 7.22904e-022 1.76573e-148 0 
2.49588e-023 6.95412e-022 7.03112e-022 2.25496e-152 0 
2.42755e-023 6.76372e-022 6.83861e-022 2.87976e-156 0 
2.36108e-023 6.57853e-022 6.65137e-022 3.67766e-160 0 
2.29644e-023 6.39842e-022 6.46926e-022 4.69665e-164 0 
5.6041e-023 2.4154e-023 1.09087e-026 0 0 
2.48308e-023 9.11415e-025 1.83945e-031 0 0 
1.02893e-023 3.43909e-026 3.10174e-036 0 0 
4.23861e-024 1.29769e-027 5.23025e-041 0 0 
1.74514e-024 4.89662e-029 8.8194e-046 0 0 
6.70929e-025 1.61525e-044 7.46588e-050 0 0 
2.57943e-025 6.13461e-054 6.32008e-054 0 0 
9.91679e-026 5.19312e-058 5.35013e-058 0 0 
3.81257e-026 4.39613e-062 4.52904e-062 0 0 

 Iteration no: 4
 matrix beta
0 2.43761e-063 4.41406e-007 0.0860342 0.516126 
0 1.07597e-069 3.7976e-008 0.0443986 0.266386 
0 9.25705e-071 1.95978e-008 0.0229153 0.137489 
0 4.77718e-071 1.01149e-008 0.0118272 0.0709614 
0 2.46562e-071 5.22058e-009 0.0061043 0.036625 
0 1.27257e-071 2.69447e-009 0.00315059 0.0189031 
0 6.56807e-072 1.39069e-009 0.0016261 0.00975639 
0 3.38995e-072 7.1777e-010 0.000839272 0.00503552 
0 0 0 8.12178e-005 0.000487309 
0 0 0 7.85978e-006 4.71589e-005 
0 0 0 7.60624e-007 4.56376e-006 
0 0 0 7.36088e-008 4.41654e-007 
0 0 0 7.12343e-009 4.27407e-008 
0 0 0 6.89364e-010 4.1362e-009 
0 0 5.94765e-055 1.33425e-010 8.00555e-010 
0 0 0 1.29121e-011 7.7473e-011 
0 0 0 1.24956e-012 7.49739e-012 
0 0 0 1.20925e-013 7.25554e-013 
0 0 1.04331e-058 2.34049e-014 1.4043e-013 
0 2.54318e-121 1.0331e-020 1.20802e-014 7.24794e-014 
0 2.5183e-083 5.33225e-021 6.23489e-015 3.74085e-014 
0 1.29979e-083 2.75211e-021 3.21799e-015 1.93075e-014 
0 0 2.77639e-060 6.2282e-016 3.73693e-015 
0 0 5.37352e-061 1.20546e-016 7.23277e-016 
0 0 1.04004e-061 2.33314e-017 1.39989e-016 
0 2.5352e-124 1.02986e-023 1.20423e-017 7.2252e-017 
0 0 1.03898e-062 2.3307e-018 1.39843e-017 
0 2.53262e-125 1.02878e-024 1.20297e-018 7.21764e-018 
0 2.50777e-087 5.30996e-025 6.20882e-019 3.72521e-018 
0 1.29436e-087 2.74061e-025 3.20453e-019 1.92268e-018 
0 6.68053e-088 1.4145e-025 1.65394e-019 9.92343e-019 
3.09877e-108 3.53514e-031 4.49113e-021 1.37824e-019 3.26414e-024 
1.63978e-051 1.12243e-026 3.7425e-021 1.14849e-019 1.07368e-029 
5.20649e-047 9.35334e-027 3.11863e-021 9.57039e-020 3.5317e-035 
6.38145e-047 7.79416e-027 2.59876e-021 7.97502e-020 1.16169e-040 
6.11924e-047 6.49489e-027 2.16556e-021 6.64561e-020 3.82119e-046 
5.41369e-047 5.4122e-027 1.80456e-021 5.5378e-020 1.25691e-051 
9.43559e-029 1.63438e-021 1.75559e-021 1.00992e-024 1.65737e-318 
2.84937e-023 1.6144e-021 1.70791e-021 1.84179e-029 0 
2.81453e-023 1.57092e-021 1.66152e-021 3.35886e-034 0 
2.73872e-023 1.52826e-021 1.6164e-021 6.12554e-039 0 
2.66435e-023 1.48675e-021 1.5725e-021 1.11711e-043 0 
2.59199e-023 1.44637e-021 1.52979e-021 2.03727e-048 0 
2.5216e-023 1.40709e-021 1.48824e-021 3.71535e-053 0 
2.45311e-023 1.36888e-021 1.44782e-021 6.77565e-058 0 
2.38649e-023 1.3317e-021 1.4085e-021 1.23567e-062 0 
2.32167e-023 1.29553e-021 1.37025e-021 2.25349e-067 0 
2.25862e-023 1.26035e-021 1.33304e-021 4.10967e-072 0 
2.19728e-023 1.22612e-021 1.29683e-021 7.49477e-077 0 
2.1376e-023 1.19282e-021 1.26161e-021 1.36682e-081 0 
2.07955e-023 1.16042e-021 1.22735e-021 2.49265e-086 0 
2.02307e-023 1.12891e-021 1.19401e-021 4.54583e-091 0 
1.96813e-023 1.09825e-021 1.16159e-021 8.29021e-096 0 
1.91468e-023 1.06842e-021 1.13004e-021 1.51188e-100 0 
1.86268e-023 1.0394e-021 1.09935e-021 2.7572e-105 0 
1.81209e-023 1.01117e-021 1.06949e-021 5.02829e-110 0 
1.76287e-023 9.83713e-022 1.04045e-021 9.17006e-115 0 
1.715e-023 9.56996e-022 1.01219e-021 1.67234e-119 0 
1.66842e-023 9.31005e-022 9.84699e-022 3.04983e-124 0 
1.62311e-023 9.05721e-022 9.57956e-022 5.56196e-129 0 
1.57902e-023 8.81122e-022 9.31939e-022 1.01433e-133 0 
1.53614e-023 8.57192e-022 9.06629e-022 1.84983e-138 0 
1.49442e-023 8.33912e-022 8.82006e-022 3.37352e-143 0 
1.45383e-023 8.11264e-022 8.58052e-022 6.15226e-148 0 
1.41435e-023 7.89231e-022 8.34748e-022 1.12198e-152 0 
1.37594e-023 7.67796e-022 8.12077e-022 2.04615e-157 0 
1.33857e-023 7.46944e-022 7.90022e-022 3.73156e-162 0 
1.30222e-023 7.26658e-022 7.68566e-022 6.80521e-167 0 
1.26685e-023 7.06923e-022 7.47693e-022 1.24106e-171 0 
1.23244e-023 6.87724e-022 7.27387e-022 2.26332e-176 0 
1.19897e-023 6.69046e-022 7.07632e-022 4.12759e-181 0 
1.16641e-023 6.50876e-022 6.88413e-022 7.52747e-186 0 
1.13473e-023 6.33199e-022 6.69717e-022 1.37278e-190 0 
1.10391e-023 6.16002e-022 6.51528e-022 2.50353e-195 0 
6.15815e-023 4.89045e-023 5.8415e-028 0 0 
2.91275e-023 3.88249e-024 5.23739e-034 0 0 
1.19905e-023 3.08228e-025 4.69576e-040 0 0 
4.81623e-024 2.447e-026 4.21015e-046 0 0 
1.92532e-024 1.94265e-027 3.77475e-052 0 0 
7.55444e-025 7.70763e-048 1.01333e-057 0 0 
2.96417e-025 2.53258e-063 2.72031e-063 0 0 
1.16306e-025 6.79865e-069 7.30269e-069 0 0 
4.56355e-026 1.8251e-074 1.96041e-074 0 0 

 Iteration no: 5
 matrix beta
0 3.22989e-102 1.18459e-007 0.0860245 0.516129 
0 3.82611e-109 1.01904e-008 0.0443981 0.266389 
0 3.29139e-110 5.25938e-009 0.0229152 0.137491 
0 1.69872e-110 2.71452e-009 0.0118272 0.0709629 
0 8.76758e-111 1.40104e-009 0.00610434 0.036626 
0 4.5252e-111 7.23116e-010 0.00315062 0.0189037 
0 2.33558e-111 3.73221e-010 0.00162613 0.00975675 
0 1.20546e-111 1.9263e-010 0.00083929 0.00503574 
0 0 0 8.12211e-005 0.00048733 
0 0 0 7.86011e-006 4.7161e-005 
0 0 0 7.60657e-007 4.56397e-006 
0 0 0 7.3612e-008 4.41675e-007 
0 0 0 7.12375e-009 4.27428e-008 
0 0 0 6.89395e-010 4.1364e-009 
0 0 2.01952e-073 1.33431e-010 8.00594e-010 
0 0 0 1.29127e-011 7.74769e-011 
0 0 0 1.24962e-012 7.49777e-012 
0 0 0 1.20931e-013 7.25591e-013 
0 0 3.54256e-077 2.3406e-014 1.40437e-013 
0 1.14421e-178 2.77266e-021 1.20806e-014 7.24836e-014 
0 8.95539e-123 1.43106e-021 6.23515e-015 3.74108e-014 
0 4.62217e-123 7.38612e-022 3.21814e-015 1.93088e-014 
0 0 9.42721e-079 6.22861e-016 3.73719e-015 
0 0 1.82461e-079 1.20554e-016 7.23328e-016 
0 0 3.53151e-080 2.3333e-017 1.39999e-016 
0 1.14064e-181 2.76402e-024 1.20429e-017 7.22575e-017 
0 0 3.52786e-081 2.33087e-018 1.39853e-017 
0 1.13946e-182 2.76114e-025 1.20304e-018 7.21823e-018 
0 8.91817e-127 1.42511e-025 6.20923e-019 3.72553e-018 
0 4.60295e-127 7.35541e-026 3.20476e-019 1.92285e-018 
0 2.37572e-127 3.79634e-026 1.65407e-019 9.9244e-019 
2.57305e-151 2.65417e-033 4.47935e-021 1.37838e-019 1.26368e-025 
2.87464e-057 3.13169e-028 3.73277e-021 1.14864e-019 1.60906e-032 
3.39183e-052 2.60972e-028 3.11062e-021 9.57198e-020 2.04883e-039 
4.18954e-052 2.17476e-028 2.59217e-021 7.9766e-020 2.60879e-046 
4.03901e-052 1.81229e-028 2.16013e-021 6.64712e-020 3.32179e-053 
3.58594e-052 1.51023e-028 1.8001e-021 5.53923e-020 4.22967e-060 
1.01141e-030 1.44257e-021 1.75135e-021 1.44222e-025 0 
9.66097e-024 1.42045e-021 1.70392e-021 3.75503e-031 0 
9.51278e-024 1.38218e-021 1.65778e-021 9.77677e-037 0 
9.25649e-024 1.34475e-021 1.61288e-021 2.54552e-042 0 
9.00583e-024 1.30833e-021 1.56921e-021 6.62764e-048 0 
8.76194e-024 1.2729e-021 1.52671e-021 1.7256e-053 0 
8.52466e-024 1.23843e-021 1.48536e-021 4.49286e-059 0 
8.2938e-024 1.20489e-021 1.44514e-021 1.16978e-064 0 
8.06919e-024 1.17226e-021 1.406e-021 3.04569e-070 0 
7.85067e-024 1.14052e-021 1.36793e-021 7.92991e-076 0 
7.63807e-024 1.10963e-021 1.33088e-021 2.06467e-081 0 
7.43122e-024 1.07958e-021 1.29484e-021 5.37566e-087 0 
7.22997e-024 1.05034e-021 1.25977e-021 1.39963e-092 0 
7.03418e-024 1.0219e-021 1.22566e-021 3.64414e-098 0 
6.84368e-024 9.94224e-022 1.19247e-021 9.48806e-104 0 
6.65835e-024 9.67299e-022 1.16017e-021 2.47035e-109 0 
6.47803e-024 9.41103e-022 1.12875e-021 6.43193e-115 0 
6.3026e-024 9.15617e-022 1.09819e-021 1.67465e-120 0 
6.13192e-024 8.90821e-022 1.06845e-021 4.36018e-126 0 
5.96586e-024 8.66697e-022 1.03951e-021 1.13524e-131 0 
5.8043e-024 8.43226e-022 1.01136e-021 2.95575e-137 0 
5.64711e-024 8.2039e-022 9.83971e-022 7.69574e-143 0 
5.49418e-024 7.98173e-022 9.57324e-022 2.0037e-148 0 
5.34539e-024 7.76557e-022 9.31398e-022 5.21692e-154 0 
5.20063e-024 7.55527e-022 9.06175e-022 1.3583e-159 0 
5.05979e-024 7.35067e-022 8.81635e-022 3.53653e-165 0 
4.92277e-024 7.1516e-022 8.57759e-022 9.20787e-171 0 
4.78945e-024 6.95793e-022 8.3453e-022 2.3974e-176 0 
4.65975e-024 6.7695e-022 8.1193e-022 6.24199e-182 0 
4.53356e-024 6.58618e-022 7.89942e-022 1.62519e-187 0 
4.41078e-024 6.40781e-022 7.68549e-022 4.23143e-193 0 
4.29133e-024 6.23428e-022 7.47736e-022 1.10171e-198 0 
4.17512e-024 6.06545e-022 7.27486e-022 2.86847e-204 0 
4.06205e-024 5.90119e-022 7.07785e-022 7.46848e-210 0 
3.95205e-024 5.74138e-022 6.88618e-022 1.94453e-215 0 
3.84502e-024 5.5859e-022 6.69969e-022 5.06286e-221 0 
3.74089e-024 5.43462e-022 6.51825e-022 1.31819e-226 0 
5.9374e-023 1.01558e-022 3.57185e-029 0 0 
3.36484e-023 1.89785e-023 1.95729e-036 0 0 
1.49567e-023 3.54656e-024 1.07255e-043 0 0 
6.12701e-024 6.62755e-025 5.87734e-051 0 0 
2.4257e-024 1.23851e-025 3.22064e-058 0 0 
9.74794e-025 2.35136e-049 2.73363e-065 0 0 
3.91731e-025 2.3576e-072 2.32026e-072 0 0 
1.57421e-025 1.62219e-079 1.9694e-079 0 0 
6.32615e-026 1.37689e-086 1.6716e-086 0 0 

 Iteration no: 6
 matrix beta
0 8.96029e-151 3.18354e-008 0.0860223 0.516129 
0 2.85255e-158 2.73856e-009 0.0443982 0.266389 
0 2.45383e-159 1.41344e-009 0.0229152 0.137491 
0 1.26648e-159 7.29515e-010 0.0118272 0.0709631 
0 6.53667e-160 3.76524e-010 0.00610436 0.0366261 
0 3.37376e-160 1.94335e-010 0.00315063 0.0189038 
0 1.7413e-160 1.00302e-010 0.00162613 0.0097568 
0 8.98733e-161 5.17687e-011 0.000839295 0.00503577 
0 0 0 8.12219e-005 0.000487332 
0 0 0 7.86019e-006 4.71612e-005 
0 0 0 7.60664e-007 4.56399e-006 
0 0 0 7.36126e-008 4.41676e-007 
0 0 0 7.1238e-009 4.27429e-008 
0 0 0 6.894e-010 4.13641e-009 
0 0 3.60098e-094 1.33432e-010 8.00596e-010 
0 0 0 1.29128e-011 7.7477e-011 
0 0 0 1.24963e-012 7.49778e-012 
0 0 0 1.20932e-013 7.25591e-013 
0 0 6.31668e-098 2.34061e-014 1.40437e-013 
0 5.65993e-248 7.45144e-022 1.20806e-014 7.24836e-014 
0 6.67671e-172 3.84591e-022 6.23515e-015 3.74109e-014 
0 3.44605e-172 1.98499e-022 3.21814e-015 1.93088e-014 
0 0 1.68095e-099 6.22865e-016 3.7372e-015 
0 0 3.25344e-100 1.20555e-016 7.23329e-016 
0 0 6.29698e-101 2.33332e-017 1.39999e-016 
0 5.64228e-251 7.42821e-025 1.20429e-017 7.22576e-017 
0 0 6.29044e-102 2.33089e-018 1.39853e-017 
0 5.63642e-252 7.42048e-026 1.20304e-018 7.21824e-018 
0 6.64897e-176 3.82993e-026 6.20924e-019 3.72554e-018 
0 3.43173e-176 1.97674e-026 3.20477e-019 1.92286e-018 
0 1.77121e-176 1.02025e-026 1.65407e-019 9.92444e-019 
1.6403e-202 1.55415e-035 4.4735e-021 1.37839e-019 4.89169e-027 
1.43928e-061 6.81451e-030 3.72791e-021 1.14866e-019 2.41108e-035 
6.31083e-056 5.67875e-030 3.10659e-021 9.57215e-020 1.18841e-043 
7.95729e-056 4.73229e-030 2.58882e-021 7.97678e-020 5.85758e-052 
7.78475e-056 3.94357e-030 2.15735e-021 6.64731e-020 2.88716e-060 
6.98055e-056 3.2863e-030 1.79779e-021 5.53942e-020 1.42306e-068 
5.56286e-033 9.9415e-022 1.74917e-021 2.05891e-026 0 
1.68284e-024 9.73444e-022 1.70186e-021 7.65263e-033 0 
1.64779e-024 9.47155e-022 1.65583e-021 2.84436e-039 0 
1.60329e-024 9.2154e-022 1.61105e-021 1.0572e-045 0 
1.55993e-024 8.96616e-022 1.56748e-021 3.92944e-052 0 
1.51774e-024 8.72367e-022 1.52509e-021 1.46051e-058 0 
1.47669e-024 8.48773e-022 1.48384e-021 5.42847e-065 0 
1.43675e-024 8.25818e-022 1.44371e-021 2.01767e-071 0 
1.3979e-024 8.03483e-022 1.40466e-021 7.49935e-078 0 
1.36009e-024 7.81753e-022 1.36667e-021 2.78738e-084 0 
1.32331e-024 7.6061e-022 1.32971e-021 1.03603e-090 0 
1.28752e-024 7.40039e-022 1.29375e-021 3.85073e-097 0 
1.25269e-024 7.20024e-022 1.25876e-021 1.43125e-103 0 
1.21882e-024 7.00551e-022 1.22471e-021 5.31974e-110 0 
1.18585e-024 6.81604e-022 1.19159e-021 1.97726e-116 0 
1.15378e-024 6.6317e-022 1.15936e-021 7.34914e-123 0 
1.12258e-024 6.45234e-022 1.12801e-021 2.73156e-129 0 
1.09221e-024 6.27783e-022 1.0975e-021 1.01527e-135 0 
1.06268e-024 6.10805e-022 1.06782e-021 3.77361e-142 0 
1.03394e-024 5.94285e-022 1.03894e-021 1.40259e-148 0 
1.00597e-024 5.78213e-022 1.01084e-021 5.21319e-155 0 
9.78765e-025 5.62575e-022 9.83502e-022 1.93766e-161 0 
9.52294e-025 5.4736e-022 9.56903e-022 7.20195e-168 0 
9.26539e-025 5.32556e-022 9.31023e-022 2.67684e-174 0 
9.0148e-025 5.18153e-022 9.05843e-022 9.94939e-181 0 
8.77099e-025 5.04139e-022 8.81344e-022 3.69802e-187 0 
8.53378e-025 4.90504e-022 8.57508e-022 1.37449e-193 0 
8.30298e-025 4.77239e-022 8.34316e-022 5.10877e-200 0 
8.07842e-025 4.64331e-022 8.11752e-022 1.89885e-206 0 
7.85993e-025 4.51773e-022 7.89798e-022 7.0577e-213 0 
7.64736e-025 4.39555e-022 7.68437e-022 2.62323e-219 0 
7.44053e-025 4.27667e-022 7.47655e-022 9.75011e-226 0 
7.2393e-025 4.16101e-022 7.27434e-022 3.62396e-232 0 
7.04351e-025 4.04847e-022 7.0776e-022 1.34696e-238 0 
6.85302e-025 3.93898e-022 6.88619e-022 5.00644e-245 0 
6.66767e-025 3.83245e-022 6.69995e-022 1.86081e-251 0 
6.48734e-025 3.7288e-022 6.51874e-022 6.91634e-258 0 
4.49721e-023 1.64364e-022 2.31433e-030 0 0 
3.51887e-023 7.24515e-023 8.21647e-039 0 0 
2.07943e-023 3.19364e-023 2.91707e-047 0 0 
1.09827e-023 1.40775e-023 1.03564e-055 0 0 
5.46576e-024 6.20533e-024 3.67678e-064 0 0 
2.33696e-024 2.11077e-049 9.85449e-073 0 0 
9.99196e-025 7.17987e-075 2.6412e-081 0 0 
4.27219e-025 4.02335e-090 7.07892e-090 0 0 
1.82663e-025 1.07834e-098 1.89729e-098 0 0 

 Iteration no: 7
 matrix beta
0 4.9784e-209 8.56264e-009 0.0860217 0.516129 
0 4.26282e-217 7.36573e-010 0.0443982 0.266389 
0 3.66695e-218 3.80166e-010 0.0229152 0.137491 
0 1.89262e-218 1.96215e-010 0.0118272 0.0709632 
0 9.76834e-219 1.01272e-010 0.00610436 0.0366262 
0 5.04172e-219 5.22694e-011 0.00315064 0.0189038 
0 2.60218e-219 2.69778e-011 0.00162614 0.00975681 
0 1.34306e-219 1.3924e-011 0.000839296 0.00503577 
0 0 0 8.12221e-005 0.000487333 
0 0 0 7.8602e-006 4.71612e-005 
0 0 0 7.60665e-007 4.56399e-006 
0 0 0 7.36128e-008 4.41677e-007 
0 0 0 7.12381e-009 4.27429e-008 
0 0 0 6.89401e-010 4.13641e-009 
0 0 3.36974e-117 1.33433e-010 8.00596e-010 
0 0 0 1.29128e-011 7.7477e-011 
0 0 0 1.24963e-012 7.49777e-012 
0 0 0 1.20932e-013 7.25591e-013 
0 0 5.91105e-121 2.34062e-014 1.40437e-013 
0 0 2.00418e-022 1.20806e-014 7.24836e-014 
0 9.97763e-231 1.03442e-022 6.23515e-015 3.74109e-014 
0 5.14975e-231 5.33893e-023 3.21814e-015 1.93088e-014 
0 0 1.573e-122 6.22866e-016 3.7372e-015 
0 0 3.04452e-123 1.20555e-016 7.23328e-016 
0 0 5.89262e-124 2.33332e-017 1.39999e-016 
0 0 1.99793e-025 1.20429e-017 7.22576e-017 
0 0 5.88649e-125 2.33089e-018 1.39853e-017 
0 0 1.99586e-026 1.20304e-018 7.21824e-018 
0 9.93616e-235 1.03012e-026 6.20924e-019 3.72554e-018 
0 5.12834e-235 5.31675e-027 3.20477e-019 1.92286e-018 
0 2.64689e-235 2.74413e-027 1.65407e-019 9.92444e-019 
2.86211e-262 6.83805e-038 4.47131e-021 1.37839e-019 1.89356e-028 
7.39406e-065 1.1142e-031 3.72609e-021 1.14866e-019 3.61286e-038 
1.2048e-058 9.285e-032 3.10508e-021 9.57218e-020 6.89323e-048 
1.62993e-058 7.73749e-032 2.58756e-021 7.97681e-020 1.31521e-057 
1.68346e-058 6.44791e-032 2.1563e-021 6.64734e-020 2.50939e-067 
1.57183e-058 5.37326e-032 1.79692e-021 5.53945e-020 4.78784e-077 
1.65439e-035 5.15024e-022 1.74834e-021 2.9391e-027 0 
1.58572e-025 5.0184e-022 1.70108e-021 1.55942e-034 0 
1.54513e-025 4.88275e-022 1.6551e-021 8.27392e-042 0 
1.50336e-025 4.75076e-022 1.61036e-021 4.38995e-049 0 
1.46272e-025 4.62233e-022 1.56683e-021 2.32921e-056 0 
1.42318e-025 4.49738e-022 1.52447e-021 1.23582e-063 0 
1.38471e-025 4.37581e-022 1.48326e-021 6.55699e-071 0 
1.34728e-025 4.25752e-022 1.44317e-021 3.47899e-078 0 
1.31086e-025 4.14243e-022 1.40415e-021 1.84587e-085 0 
1.27542e-025 4.03045e-022 1.3662e-021 9.79375e-093 0 
1.24095e-025 3.9215e-022 1.32927e-021 5.19634e-100 0 
1.2074e-025 3.81549e-022 1.29333e-021 2.75706e-107 0 
1.17476e-025 3.71235e-022 1.25837e-021 1.46283e-114 0 
1.14301e-025 3.612e-022 1.22435e-021 7.76144e-122 0 
1.11211e-025 3.51436e-022 1.19126e-021 4.11804e-129 0 
1.08205e-025 3.41936e-022 1.15906e-021 2.18494e-136 0 
1.0528e-025 3.32693e-022 1.12772e-021 1.15928e-143 0 
1.02434e-025 3.23699e-022 1.09724e-021 6.15085e-151 0 
9.96646e-026 3.14949e-022 1.06758e-021 3.2635e-158 0 
9.69704e-026 3.06435e-022 1.03872e-021 1.73154e-165 0 
9.43491e-026 2.98152e-022 1.01064e-021 9.18714e-173 0 
9.17987e-026 2.90092e-022 9.83321e-022 4.87448e-180 0 
8.93172e-026 2.8225e-022 9.56739e-022 2.58629e-187 0 
8.69027e-026 2.7462e-022 9.30877e-022 1.37222e-194 0 
8.45536e-026 2.67197e-022 9.05713e-022 7.2807e-202 0 
8.22679e-026 2.59974e-022 8.8123e-022 3.86297e-209 0 
8.0044e-026 2.52946e-022 8.57408e-022 2.0496e-216 0 
7.78802e-026 2.46109e-022 8.3423e-022 1.08747e-223 0 
7.5775e-026 2.39456e-022 8.11679e-022 5.76987e-231 0 
7.37266e-026 2.32983e-022 7.89738e-022 3.06136e-238 0 
7.17336e-026 2.26685e-022 7.6839e-022 1.62429e-245 0 
6.97945e-026 2.20557e-022 7.47618e-022 8.61809e-253 0 
6.79078e-026 2.14595e-022 7.27409e-022 4.57256e-260 0 
6.60721e-026 2.08794e-022 7.07745e-022 2.42609e-267 0 
6.42861e-026 2.0315e-022 6.88613e-022 1.28723e-274 0 
6.25483e-026 1.97658e-022 6.69999e-022 6.82974e-282 0 
6.08575e-026 1.92315e-022 6.51887e-022 3.6237e-289 0 
2.9458e-023 1.36919e-022 1.2143e-031 0 0 
2.67722e-023 9.748e-023 2.26194e-041 0 0 
2.0204e-023 6.94012e-023 4.21342e-051 0 0 
1.46097e-023 4.94104e-023 7.84854e-061 0 0 
1.04459e-023 3.51779e-023 1.46198e-070 0 0 
5.42698e-024 1.76872e-049 1.23672e-080 0 0 
2.81949e-024 8.893e-076 1.04616e-090 0 0 
1.46482e-024 3.05404e-101 8.8496e-101 0 0 
7.6102e-025 2.20522e-111 7.48601e-111 0 0 

 Iteration no: 8
 matrix beta
0 1.07033e-276 2.30384e-009 0.0860216 0.516129 
0 2.46587e-285 1.9818e-010 0.0443982 0.266389 
0 2.12118e-286 1.02286e-010 0.0229152 0.137491 
0 1.0948e-286 5.27929e-011 0.0118272 0.0709632 
0 5.6506e-287 2.7248e-011 0.00610436 0.0366262 
0 2.91644e-287 1.40635e-011 0.00315064 0.0189038 
0 1.50526e-287 7.25856e-012 0.00162614 0.00975681 
0 7.76907e-288 3.74635e-012 0.000839296 0.00503577 
0 0 0 8.12222e-005 0.000487333 
0 0 0 7.86021e-006 4.71613e-005 
0 0 0 7.60665e-007 4.56399e-006 
0 0 0 7.36128e-008 4.41677e-007 
0 0 0 7.12382e-009 4.27429e-008 
0 0 0 6.89402e-010 4.13641e-009 
0 0 1.65409e-142 1.33433e-010 8.00596e-010 
0 0 0 1.29128e-011 7.7477e-011 
0 0 0 1.24963e-012 7.49777e-012 
0 0 0 1.20932e-013 7.25591e-013 
0 0 2.90154e-146 2.34062e-014 1.40437e-013 
0 0 5.3924e-023 1.20806e-014 7.24836e-014 
0 5.77166e-299 2.78318e-023 6.23515e-015 3.74109e-014 
0 2.97892e-299 1.43648e-023 3.21814e-015 1.93088e-014 
0 0 7.72134e-148 6.22866e-016 3.7372e-015 
0 0 1.49445e-148 1.20555e-016 7.23328e-016 
0 0 2.89249e-149 2.33332e-017 1.39999e-016 
0 0 5.37559e-026 1.20429e-017 7.22576e-017 
0 0 2.88948e-150 2.33089e-018 1.39853e-017 
0 0 5.36999e-027 1.20304e-018 7.21824e-018 
0 5.74768e-303 2.77161e-027 6.20924e-019 3.72554e-018 
0 2.96654e-303 1.43051e-027 3.20477e-019 1.92286e-018 
0 1.53112e-303 7.38327e-028 1.65407e-019 9.92444e-019 
0 4.37833e-040 4.47065e-021 1.37839e-019 7.3299e-030 
1.23407e-067 2.65112e-033 3.72554e-021 1.14866e-019 5.41364e-041 
7.47242e-061 2.20927e-033 3.10462e-021 9.57218e-020 3.99836e-052 
1.07534e-060 1.84106e-033 2.58718e-021 7.97682e-020 2.95307e-063 
1.1703e-060 1.53421e-033 2.15598e-021 6.64735e-020 2.18105e-074 
1.14134e-060 1.27851e-033 1.79665e-021 5.53946e-020 1.61086e-085 
7.58514e-038 3.88329e-022 1.74809e-021 4.19551e-028 0 
2.30387e-026 3.7793e-022 1.70084e-021 3.17762e-036 0 
2.24218e-026 3.67715e-022 1.65487e-021 2.40668e-044 0 
2.18158e-026 3.57777e-022 1.61015e-021 1.82279e-052 0 
2.12261e-026 3.48107e-022 1.56663e-021 1.38055e-060 0 
2.06524e-026 3.38698e-022 1.52428e-021 1.04561e-068 0 
2.00942e-026 3.29544e-022 1.48308e-021 7.91932e-077 0 
1.95511e-026 3.20637e-022 1.443e-021 5.99798e-085 0 
1.90227e-026 3.1197e-022 1.404e-021 4.54279e-093 0 
1.85086e-026 3.03538e-022 1.36605e-021 3.44064e-101 0 
1.80083e-026 2.95334e-022 1.32913e-021 2.6059e-109 0 
1.75216e-026 2.87352e-022 1.29321e-021 1.97367e-117 0 
1.7048e-026 2.79585e-022 1.25825e-021 1.49483e-125 0 
1.65872e-026 2.72029e-022 1.22424e-021 1.13216e-133 0 
1.61389e-026 2.64676e-022 1.19116e-021 8.57484e-142 0 
1.57027e-026 2.57523e-022 1.15896e-021 6.49447e-150 0 
1.52783e-026 2.50562e-022 1.12764e-021 4.91882e-158 0 
1.48653e-026 2.4379e-022 1.09716e-021 3.72544e-166 0 
1.44636e-026 2.37201e-022 1.0675e-021 2.8216e-174 0 
1.40726e-026 2.3079e-022 1.03865e-021 2.13704e-182 0 
1.36923e-026 2.24552e-022 1.01058e-021 1.61856e-190 0 
1.33222e-026 2.18483e-022 9.83265e-022 1.22588e-198 0 
1.29621e-026 2.12578e-022 9.56689e-022 9.28462e-207 0 
1.26118e-026 2.06832e-022 9.30831e-022 7.03204e-215 0 
1.22709e-026 2.01242e-022 9.05673e-022 5.32597e-223 0 
1.19393e-026 1.95803e-022 8.81194e-022 4.03382e-231 0 
1.16166e-026 1.9051e-022 8.57377e-022 3.05516e-239 0 
1.13026e-026 1.85361e-022 8.34204e-022 2.31393e-247 0 
1.09971e-026 1.80351e-022 8.11657e-022 1.75254e-255 0 
1.06999e-026 1.75477e-022 7.89719e-022 1.32735e-263 0 
1.04107e-026 1.70734e-022 7.68375e-022 1.00532e-271 0 
1.01293e-026 1.66119e-022 7.47607e-022 7.61412e-280 0 
9.85552e-027 1.61629e-022 7.27401e-022 5.76683e-288 0 
9.58914e-027 1.57261e-022 7.0774e-022 4.36772e-296 0 
9.32997e-027 1.5301e-022 6.88612e-022 3.30805e-304 0 
9.07779e-027 1.48875e-022 6.7e-022 2.50547e-312 0 
8.83244e-027 1.44851e-022 6.51891e-022 1.89771e-320 0 
2.69417e-023 1.13507e-022 4.45964e-033 0 0 
2.26408e-023 8.8945e-023 3.05087e-044 0 0 
1.78283e-023 6.96982e-023 2.08712e-055 0 0 
1.39754e-023 5.46162e-023 1.42782e-066 0 0 
1.09515e-023 4.27978e-023 9.76781e-078 0 0 
6.63384e-024 5.08227e-050 2.60748e-089 0 0 
4.01842e-024 6.03523e-077 6.96058e-101 0 0 
2.43414e-024 7.16688e-104 1.8581e-112 0 0 
1.47447e-024 1.10187e-124 4.96014e-124 0 0 

 Iteration no: 9
 matrix beta
0 0 6.19936e-010 0.0860215 0.516129 
0 0 5.33279e-011 0.0443982 0.266389 
0 0 2.75241e-011 0.0229152 0.137491 
0 0 1.4206e-011 0.0118272 0.0709632 
0 0 7.33211e-012 0.00610436 0.0366262 
0 0 3.78432e-012 0.00315064 0.0189038 
0 0 1.9532e-012 0.00162614 0.00975681 
0 0 1.0081e-012 0.000839296 0.00503577 
0 0 0 8.12222e-005 0.000487333 
0 0 0 7.86021e-006 4.71613e-005 
0 0 0 7.60666e-007 4.56399e-006 
0 0 0 7.36128e-008 4.41677e-007 
0 0 0 7.12382e-009 4.27429e-008 
0 0 0 6.89402e-010 4.13641e-009 
0 0 4.25806e-170 1.33433e-010 8.00596e-010 
0 0 0 1.29128e-011 7.7477e-011 
0 0 0 1.24963e-012 7.49777e-012 
0 0 0 1.20932e-013 7.25591e-013 
0 0 7.4693e-174 2.34062e-014 1.40437e-013 
0 0 1.45103e-023 1.20806e-014 7.24836e-014 
0 0 7.4892e-024 6.23515e-015 3.74109e-014 
0 0 3.8654e-024 3.21814e-015 1.93088e-014 
0 0 1.98767e-175 6.22866e-016 3.7372e-015 
0 0 3.8471e-176 1.20555e-016 7.23328e-016 
0 0 7.44601e-177 2.33332e-017 1.39999e-016 
0 0 1.44651e-026 1.20429e-017 7.22576e-017 
0 0 7.43826e-178 2.33089e-018 1.39853e-017 
0 0 1.445e-027 1.20304e-018 7.21824e-018 
0 0 7.45808e-028 6.20924e-019 3.72554e-018 
0 0 3.84933e-028 3.20477e-019 1.92286e-018 
0 0 1.98675e-028 1.65407e-019 9.92444e-019 
0 3.49457e-042 4.4705e-021 1.37839e-019 2.83738e-031 
2.54229e-070 7.86333e-035 3.72542e-021 1.14866e-019 8.11201e-044 
5.72055e-063 6.55277e-035 3.10451e-021 9.57218e-020 2.31921e-056 
8.38583e-063 5.46064e-035 2.58709e-021 7.97682e-020 6.63058e-069 
9.27732e-063 4.55054e-035 2.15591e-021 6.64735e-020 1.89567e-081 
9.17916e-063 3.79211e-035 1.79659e-021 5.53946e-020 5.41969e-094 
3.89853e-040 3.65e-022 1.74804e-021 5.98896e-029 0 
3.75243e-027 3.55151e-022 1.70079e-021 6.47495e-038 0 
3.65117e-027 3.45552e-022 1.65482e-021 7.00036e-047 0 
3.55249e-027 3.36213e-022 1.6101e-021 7.56842e-056 0 
3.45647e-027 3.27126e-022 1.56658e-021 8.18257e-065 0 
3.36305e-027 3.18284e-022 1.52424e-021 8.84655e-074 0 
3.27216e-027 3.09682e-022 1.48305e-021 9.56442e-083 0 
3.18372e-027 3.01312e-022 1.44296e-021 1.03405e-091 0 
3.09768e-027 2.93169e-022 1.40396e-021 1.11796e-100 0 
3.01395e-027 2.85245e-022 1.36602e-021 1.20868e-109 0 
2.9325e-027 2.77536e-022 1.3291e-021 1.30676e-118 0 
2.85324e-027 2.70035e-022 1.29318e-021 1.4128e-127 0 
2.77612e-027 2.62736e-022 1.25823e-021 1.52744e-136 0 
2.70109e-027 2.55635e-022 1.22422e-021 1.65139e-145 0 
2.62809e-027 2.48726e-022 1.19113e-021 1.7854e-154 0 
2.55706e-027 2.42004e-022 1.15894e-021 1.93027e-163 0 
2.48795e-027 2.35463e-022 1.12762e-021 2.08691e-172 0 
2.42071e-027 2.29099e-022 1.09714e-021 2.25625e-181 0 
2.35528e-027 2.22907e-022 1.06749e-021 2.43934e-190 0 
2.29163e-027 2.16883e-022 1.03864e-021 2.63728e-199 0 
2.22969e-027 2.11021e-022 1.01057e-021 2.85129e-208 0 
2.16943e-027 2.05318e-022 9.83252e-022 3.08266e-217 0 
2.11079e-027 1.99769e-022 9.56678e-022 3.33281e-226 0 
2.05374e-027 1.94369e-022 9.30821e-022 3.60325e-235 0 
1.99824e-027 1.89116e-022 9.05664e-022 3.89564e-244 0 
1.94423e-027 1.84005e-022 8.81186e-022 4.21176e-253 0 
1.89168e-027 1.79032e-022 8.5737e-022 4.55353e-262 0 
1.84056e-027 1.74193e-022 8.34198e-022 4.92303e-271 0 
1.79081e-027 1.69485e-022 8.11652e-022 5.32252e-280 0 
1.74241e-027 1.64904e-022 7.89715e-022 5.75442e-289 0 
1.69532e-027 1.60447e-022 7.68372e-022 6.22137e-298 0 
1.6495e-027 1.56111e-022 7.47605e-022 6.72621e-307 0 
1.60492e-027 1.51892e-022 7.27399e-022 7.27202e-316 0 
1.56154e-027 1.47787e-022 7.07739e-022 0 0 
1.51934e-027 1.43792e-022 6.88611e-022 0 0 
1.47827e-027 1.39906e-022 6.7e-022 0 0 
1.43832e-027 1.36125e-022 6.51892e-022 0 0 
2.68049e-023 1.08464e-022 1.49616e-034 0 0 
2.1689e-023 8.64233e-023 3.43387e-047 0 0 
1.72858e-023 6.88618e-023 7.88111e-060 0 0 
1.37733e-023 5.48688e-023 1.8088e-072 0 0 
1.09745e-023 4.37192e-023 4.1514e-085 0 0 
6.94228e-024 1.28699e-050 3.49705e-098 0 0 
4.39155e-024 3.78857e-078 2.94584e-111 0 0 
2.77801e-024 1.11526e-105 2.48152e-124 0 0 
1.75732e-024 3.28309e-133 2.09038e-137 0 0 

 Iteration no: 10
 matrix beta
0 0 1.66822e-010 0.0860215 0.516129 
0 0 1.43503e-011 0.0443982 0.266389 
0 0 7.4066e-012 0.0229152 0.137491 
0 0 3.82276e-012 0.0118272 0.0709632 
0 0 1.97304e-012 0.00610436 0.0366262 
0 0 1.01834e-012 0.00315064 0.0189038 
0 0 5.25596e-013 0.00162614 0.00975681 
0 0 2.71276e-013 0.000839296 0.00503577 
0 0 0 8.12222e-005 0.000487333 
0 0 0 7.86021e-006 4.71613e-005 
0 0 0 7.60666e-007 4.56399e-006 
0 0 0 7.36128e-008 4.41677e-007 
0 0 0 7.12382e-009 4.27429e-008 
0 0 0 6.89402e-010 4.13641e-009 
0 0 5.74794e-200 1.33433e-010 8.00596e-010 
0 0 0 1.29128e-011 7.7477e-011 
0 0 0 1.24963e-012 7.49777e-012 
0 0 0 1.20932e-013 7.25591e-013 
0 0 1.00828e-203 2.34062e-014 1.40437e-013 
0 0 3.90467e-024 1.20806e-014 7.24836e-014 
0 0 2.01531e-024 6.23515e-015 3.74109e-014 
0 0 1.04016e-024 3.21814e-015 1.93088e-014 
0 0 2.68315e-205 6.22866e-016 3.7372e-015 
0 0 5.1932e-206 1.20555e-016 7.23328e-016 
0 0 1.00513e-206 2.33332e-017 1.39999e-016 
0 0 3.89249e-027 1.20429e-017 7.22576e-017 
0 0 1.00409e-207 2.33089e-018 1.39853e-017 
0 0 3.88844e-028 1.20304e-018 7.21824e-018 
0 0 2.00694e-028 6.20924e-019 3.72554e-018 
0 0 1.03584e-028 3.20477e-019 1.92286e-018 
0 0 5.34626e-029 1.65407e-019 9.92444e-019 
0 2.93045e-044 4.47047e-021 1.37839e-019 1.09834e-032 
5.37026e-073 2.4504e-036 3.72539e-021 1.14866e-019 1.21554e-046 
4.49054e-065 2.042e-036 3.1045e-021 9.57218e-020 1.34524e-060 
6.60929e-065 1.70167e-036 2.58708e-021 7.97682e-020 1.48878e-074 
7.33841e-065 1.41805e-036 2.1559e-021 6.64735e-020 1.64763e-088 
7.28421e-065 1.18171e-036 1.79658e-021 5.53946e-020 1.82344e-102 
2.02106e-042 3.60448e-022 1.74803e-021 8.54906e-030 0 
6.16468e-028 3.50709e-022 1.70078e-021 1.31938e-039 0 
5.99811e-028 3.4123e-022 1.65482e-021 2.0362e-049 0 
5.836e-028 3.32008e-022 1.61009e-021 3.14248e-059 0 
5.67827e-028 3.23035e-022 1.56657e-021 4.8498e-069 0 
5.52481e-028 3.14304e-022 1.52423e-021 7.48471e-079 0 
5.37549e-028 3.05809e-022 1.48304e-021 1.15512e-088 0 
5.2302e-028 2.97544e-022 1.44296e-021 1.7827e-098 0 
5.08885e-028 2.89502e-022 1.40396e-021 2.75124e-108 0 
4.95131e-028 2.81678e-022 1.36601e-021 4.246e-118 0 
4.81749e-028 2.74065e-022 1.32909e-021 6.55287e-128 0 
4.68729e-028 2.66658e-022 1.29317e-021 1.01131e-137 0 
4.5606e-028 2.59451e-022 1.25822e-021 1.56075e-147 0 
4.43734e-028 2.52439e-022 1.22422e-021 2.40871e-157 0 
4.31742e-028 2.45616e-022 1.19113e-021 3.71738e-167 0 
4.20073e-028 2.38978e-022 1.15894e-021 5.73704e-177 0 
4.0872e-028 2.32519e-022 1.12761e-021 8.85399e-187 0 
3.97673e-028 2.26235e-022 1.09714e-021 1.36644e-196 0 
3.86925e-028 2.2012e-022 1.06749e-021 2.10883e-206 0 
3.76468e-028 2.14171e-022 1.03863e-021 3.25456e-216 0 
3.66293e-028 2.08383e-022 1.01056e-021 5.02278e-226 0 
3.56393e-028 2.02751e-022 9.8325e-022 7.75167e-236 0 
3.46761e-028 1.97271e-022 9.56676e-022 1.19632e-245 0 
3.37389e-028 1.91939e-022 9.3082e-022 1.84628e-255 0 
3.2827e-028 1.86752e-022 9.05662e-022 2.84937e-265 0 
3.19398e-028 1.81704e-022 8.81185e-022 4.39745e-275 0 
3.10766e-028 1.76793e-022 8.57369e-022 6.78659e-285 0 
3.02367e-028 1.72015e-022 8.34197e-022 1.04738e-294 0 
2.94194e-028 1.67366e-022 8.11651e-022 1.61642e-304 0 
2.86243e-028 1.62843e-022 7.89715e-022 2.49463e-314 0 
2.78507e-028 1.58442e-022 7.68371e-022 4.94066e-324 0 
2.7098e-028 1.54159e-022 7.47604e-022 0 0 
2.63656e-028 1.49993e-022 7.27399e-022 0 0 
2.5653e-028 1.45939e-022 7.07739e-022 0 0 
2.49597e-028 1.41995e-022 6.88611e-022 0 0 
2.42851e-028 1.38157e-022 6.7e-022 0 0 
2.36287e-028 1.34423e-022 6.51892e-022 0 0 
2.68e-023 1.07453e-022 4.93757e-036 0 0 
2.14903e-023 8.58938e-023 3.73982e-050 0 0 
1.71787e-023 6.86604e-023 2.83262e-064 0 0 
1.3732e-023 5.48846e-023 2.14549e-078 0 0 
1.09769e-023 4.38727e-023 1.62504e-092 0 0 
7.00864e-024 3.22359e-051 4.31969e-107 0 0 
4.47496e-024 2.36856e-079 1.14826e-121 0 0 
2.85723e-024 1.74032e-107 3.05231e-136 0 0 
1.82432e-024 1.27872e-135 8.11367e-151 0 0 

 Iteration no: 11
 matrix beta
0 0 4.48913e-011 0.0860215 0.516129 
0 0 3.86162e-012 0.0443982 0.266389 
0 0 1.99309e-012 0.0229152 0.137491 
0 0 1.02869e-012 0.0118272 0.0709632 
0 0 5.30939e-013 0.00610436 0.0366262 
0 0 2.74033e-013 0.00315064 0.0189038 
0 0 1.41436e-013 0.00162614 0.00975681 
0 0 7.29994e-014 0.000839296 0.00503577 
0 0 0 8.12222e-005 0.000487333 
0 0 0 7.86021e-006 4.71613e-005 
0 0 0 7.60666e-007 4.56399e-006 
0 0 0 7.36128e-008 4.41677e-007 
0 0 0 7.12382e-009 4.27429e-008 
0 0 0 6.89402e-010 4.13641e-009 
0 0 4.06867e-232 1.33433e-010 8.00596e-010 
0 0 0 1.29128e-011 7.7477e-011 
0 0 0 1.24963e-012 7.49777e-012 
0 0 0 1.20932e-013 7.25591e-013 
0 0 7.13708e-236 2.34062e-014 1.40437e-013 
0 0 1.05073e-024 1.20806e-014 7.24836e-014 
0 0 5.42314e-025 6.23515e-015 3.74109e-014 
0 0 2.79904e-025 3.21814e-015 1.93088e-014 
0 0 1.89926e-237 6.22866e-016 3.7372e-015 
0 0 3.67599e-238 1.20555e-016 7.23328e-016 
0 0 7.11482e-239 2.33332e-017 1.39999e-016 
0 0 1.04746e-027 1.20429e-017 7.22576e-017 
0 0 7.10742e-240 2.33089e-018 1.39853e-017 
0 0 1.04637e-028 1.20304e-018 7.21824e-018 
0 0 5.40061e-029 6.20924e-019 3.72554e-018 
0 0 2.78741e-029 3.20477e-019 1.92286e-018 
0 0 1.43866e-029 1.65407e-019 9.92444e-019 
0 2.48216e-046 4.47047e-021 1.37839e-019 4.25164e-034 
1.13897e-075 7.71302e-038 3.72539e-021 1.14866e-019 1.82141e-049 
3.53921e-067 6.42751e-038 3.10449e-021 9.57218e-020 7.80292e-065 
5.21336e-067 5.35626e-038 2.58708e-021 7.97682e-020 3.34278e-080 
5.79276e-067 4.46355e-038 2.1559e-021 6.64735e-020 1.43205e-095 
5.75377e-067 3.71963e-038 1.79658e-021 5.53946e-020 6.13492e-111 
1.04861e-044 3.59543e-022 1.74803e-021 1.22035e-030 0 
1.01359e-028 3.49826e-022 1.70078e-021 2.68846e-041 0 
9.86198e-029 3.40371e-022 1.65481e-021 5.92272e-052 0 
9.59544e-029 3.31172e-022 1.61009e-021 1.30479e-062 0 
9.33611e-029 3.22221e-022 1.56657e-021 2.87447e-073 0 
9.08378e-029 3.13512e-022 1.52423e-021 6.3325e-084 0 
8.83827e-029 3.05039e-022 1.48304e-021 1.39506e-094 0 
8.5994e-029 2.96795e-022 1.44296e-021 3.07335e-105 0 
8.36698e-029 2.88773e-022 1.40396e-021 6.77064e-116 0 
8.14085e-029 2.80969e-022 1.36601e-021 1.49158e-126 0 
7.92083e-029 2.73375e-022 1.32909e-021 3.28598e-137 0 
7.70675e-029 2.65986e-022 1.29317e-021 7.23908e-148 0 
7.49846e-029 2.58797e-022 1.25822e-021 1.59478e-158 0 
7.2958e-029 2.51803e-022 1.22422e-021 3.51334e-169 0 
7.09861e-029 2.44997e-022 1.19113e-021 7.73994e-180 0 
6.90676e-029 2.38376e-022 1.15894e-021 1.70512e-190 0 
6.72009e-029 2.31933e-022 1.12761e-021 3.75642e-201 0 
6.53847e-029 2.25665e-022 1.09714e-021 8.27545e-212 0 
6.36175e-029 2.19566e-022 1.06748e-021 1.8231e-222 0 
6.18981e-029 2.13632e-022 1.03863e-021 4.01631e-233 0 
6.02252e-029 2.07858e-022 1.01056e-021 8.84801e-244 0 
5.85975e-029 2.0224e-022 9.8325e-022 1.94923e-254 0 
5.70138e-029 1.96774e-022 9.56676e-022 4.2942e-265 0 
5.54729e-029 1.91456e-022 9.30819e-022 9.46019e-276 0 
5.39736e-029 1.86281e-022 9.05662e-022 2.0841e-286 0 
5.25148e-029 1.81247e-022 8.81185e-022 4.5913e-297 0 
5.10955e-029 1.76348e-022 8.57369e-022 1.01147e-307 0 
4.97146e-029 1.71582e-022 8.34197e-022 2.22829e-318 0 
4.83709e-029 1.66945e-022 8.11651e-022 0 0 
4.70636e-029 1.62433e-022 7.89715e-022 0 0 
4.57916e-029 1.58043e-022 7.68371e-022 0 0 
4.4554e-029 1.53771e-022 7.47604e-022 0 0 
4.33498e-029 1.49615e-022 7.27399e-022 0 0 
4.21782e-029 1.45571e-022 7.07739e-022 0 0 
4.10383e-029 1.41637e-022 6.88611e-022 0 0 
3.99291e-029 1.37809e-022 6.7e-022 0 0 
3.885e-029 1.34085e-022 6.51892e-022 0 0 
2.68e-023 1.07251e-022 1.6243e-037 0 0 
2.14501e-023 8.57868e-023 4.0472e-053 0 0 
1.71573e-023 6.86186e-023 1.00843e-068 0 0 
1.37237e-023 5.48861e-023 2.51266e-084 0 0 
1.09772e-023 4.39019e-023 6.26072e-100 0 0 
7.02209e-024 8.06178e-052 5.25161e-116 0 0 
4.49202e-024 1.4804e-080 4.40516e-132 0 0 
2.87353e-024 2.71848e-109 3.69513e-148 0 0 
1.83819e-024 4.99198e-138 3.09955e-164 0 0 

 Iteration no: 12
 matrix beta
0 0 1.20801e-011 0.0860215 0.516129 
0 0 1.03915e-012 0.0443982 0.266389 
0 0 5.36336e-013 0.0229152 0.137491 
0 0 2.76819e-013 0.0118272 0.0709632 
0 0 1.42874e-013 0.00610436 0.0366262 
0 0 7.37415e-014 0.00315064 0.0189038 
0 0 3.80601e-014 0.00162614 0.00975681 
0 0 1.96439e-014 0.000839296 0.00503577 
0 0 0 8.12222e-005 0.000487333 
0 0 0 7.86021e-006 4.71613e-005 
0 0 0 7.60666e-007 4.56399e-006 
0 0 0 7.36128e-008 4.41677e-007 
0 0 0 7.12382e-009 4.27429e-008 
0 0 0 6.89402e-010 4.13641e-009 
0 0 1.51018e-266 1.33433e-010 8.00596e-010 
0 0 0 1.29128e-011 7.7477e-011 
0 0 0 1.24963e-012 7.49777e-012 
0 0 0 1.20932e-013 7.25591e-013 
0 0 2.64909e-270 2.34062e-014 1.40437e-013 
0 0 2.8275e-025 1.20806e-014 7.24836e-014 
0 0 1.45935e-025 6.23515e-015 3.74109e-014 
0 0 7.53214e-026 3.21814e-015 1.93088e-014 
0 0 7.04955e-272 6.22866e-016 3.7372e-015 
0 0 1.36443e-272 1.20555e-016 7.23328e-016 
0 0 2.64083e-273 2.33332e-017 1.39999e-016 
0 0 2.81868e-028 1.20429e-017 7.22576e-017 
0 0 2.63808e-274 2.33089e-018 1.39853e-017 
0 0 2.81575e-029 1.20304e-018 7.21824e-018 
0 0 1.45329e-029 6.20924e-019 3.72554e-018 
0 0 7.50084e-030 3.20477e-019 1.92286e-018 
0 0 3.8714e-030 1.65407e-019 9.92444e-019 
0 2.10669e-048 4.47047e-021 1.37839e-019 1.6458e-035 
2.41746e-078 2.43268e-039 3.72539e-021 1.14866e-019 2.72927e-052 
2.79155e-069 2.02724e-039 3.10449e-021 9.57218e-020 4.52601e-069 
4.11271e-069 1.68936e-039 2.58708e-021 7.97682e-020 7.50561e-086 
4.57046e-069 1.4078e-039 2.1559e-021 6.64735e-020 1.24467e-102 
4.54029e-069 1.17317e-039 1.79658e-021 5.53946e-020 2.06408e-119 
5.44125e-047 3.59361e-022 1.74802e-021 1.74202e-031 0 
1.66675e-029 3.49649e-022 1.70078e-021 5.47819e-043 0 
1.6217e-029 3.40199e-022 1.65481e-021 1.72275e-054 0 
1.57787e-029 3.31005e-022 1.61009e-021 5.41759e-066 0 
1.53522e-029 3.22058e-022 1.56657e-021 1.70369e-077 0 
1.49373e-029 3.13354e-022 1.52423e-021 5.35767e-089 0 
1.45336e-029 3.04885e-022 1.48304e-021 1.68485e-100 0 
1.41408e-029 2.96645e-022 1.44296e-021 5.29841e-112 0 
1.37586e-029 2.88628e-022 1.40396e-021 1.66621e-123 0 
1.33868e-029 2.80827e-022 1.36601e-021 5.2398e-135 0 
1.3025e-029 2.73237e-022 1.32909e-021 1.64778e-146 0 
1.26729e-029 2.65852e-022 1.29317e-021 5.18184e-158 0 
1.23304e-029 2.58667e-022 1.25822e-021 1.62956e-169 0 
1.19972e-029 2.51676e-022 1.22421e-021 5.12453e-181 0 
1.16729e-029 2.44874e-022 1.19113e-021 1.61153e-192 0 
1.13574e-029 2.38256e-022 1.15894e-021 5.06784e-204 0 
1.10505e-029 2.31816e-022 1.12761e-021 1.59371e-215 0 
1.07518e-029 2.25551e-022 1.09714e-021 5.01179e-227 0 
1.04612e-029 2.19455e-022 1.06748e-021 1.57608e-238 0 
1.01785e-029 2.13524e-022 1.03863e-021 4.95635e-250 0 
9.9034e-030 2.07753e-022 1.01056e-021 1.55864e-261 0 
9.63574e-030 2.02138e-022 9.8325e-022 4.90153e-273 0 
9.37531e-030 1.96675e-022 9.56676e-022 1.5414e-284 0 
9.12192e-030 1.91359e-022 9.30819e-022 4.84732e-296 0 
8.87539e-030 1.86187e-022 9.05662e-022 1.52435e-307 0 
8.63551e-030 1.81155e-022 8.81185e-022 4.79372e-319 0 
8.40212e-030 1.76259e-022 8.57369e-022 0 0 
8.17503e-030 1.71495e-022 8.34197e-022 0 0 
7.95409e-030 1.6686e-022 8.11651e-022 0 0 
7.73911e-030 1.62351e-022 7.89714e-022 0 0 
7.52995e-030 1.57963e-022 7.68371e-022 0 0 
7.32643e-030 1.53694e-022 7.47604e-022 0 0 
7.12842e-030 1.4954e-022 7.27399e-022 0 0 
6.93576e-030 1.45498e-022 7.07739e-022 0 0 
6.74831e-030 1.41566e-022 6.88611e-022 0 0 
6.56592e-030 1.3774e-022 6.7e-022 0 0 
6.38847e-030 1.34017e-022 6.51892e-022 0 0 
2.68e-023 1.0721e-022 5.34002e-039 0 0 
2.1442e-023 8.57654e-023 4.37432e-056 0 0 
1.71531e-023 6.86101e-023 3.58325e-073 0 0 
1.3722e-023 5.48864e-023 2.93525e-090 0 0 
1.09773e-023 4.39077e-023 2.40443e-107 0 0 
7.02479e-024 2.01558e-052 6.36445e-125 0 0 
4.49544e-024 9.25253e-082 1.68465e-142 0 0 
2.87681e-024 4.24737e-111 4.45922e-160 0 0 
1.84098e-024 1.94976e-140 1.18034e-177 0 0 

 Iteration no: 13
 matrix beta
0 0 3.25073e-012 0.0860215 0.516129 
0 0 2.79633e-013 0.0443982 0.266389 
0 0 1.44327e-013 0.0229152 0.137491 
0 0 7.44911e-014 0.0118272 0.0709632 
0 0 3.8447e-014 0.00610436 0.0366262 
0 0 1.98436e-014 0.00315064 0.0189038 
0 0 1.02419e-014 0.00162614 0.00975681 
0 0 5.28613e-015 0.000839296 0.00503577 
0 0 0 8.12222e-005 0.000487333 
0 0 0 7.86021e-006 4.71613e-005 
0 0 0 7.60666e-007 4.56399e-006 
0 0 0 7.36128e-008 4.41677e-007 
0 0 0 7.12382e-009 4.27429e-008 
0 0 0 6.89402e-010 4.13641e-009 
0 0 2.93929e-303 1.33433e-010 8.00596e-010 
0 0 0 1.29128e-011 7.7477e-011 
0 0 0 1.24963e-012 7.49777e-012 
0 0 0 1.20932e-013 7.25591e-013 
0 0 5.15598e-307 2.34062e-014 1.40437e-013 
0 0 7.60871e-026 1.20806e-014 7.24836e-014 
0 0 3.92708e-026 6.23515e-015 3.74109e-014 
0 0 2.02688e-026 3.21814e-015 1.93088e-014 
0 0 1.37207e-308 6.22866e-016 3.7372e-015 
0 0 2.65561e-309 1.20555e-016 7.23328e-016 
0 0 5.1399e-310 2.33332e-017 1.39999e-016 
0 0 7.58499e-029 1.20429e-017 7.22576e-017 
0 0 5.13455e-311 2.33089e-018 1.39853e-017 
0 0 7.57709e-030 1.20304e-018 7.21824e-018 
0 0 3.91076e-030 6.20924e-019 3.72554e-018 
0 0 2.01846e-030 3.20477e-019 1.92286e-018 
0 0 1.04178e-030 1.65407e-019 9.92444e-019 
0 1.78874e-050 4.47047e-021 1.37839e-019 6.37082e-037 
5.13184e-081 7.67578e-041 3.72539e-021 1.14866e-019 4.08964e-055 
2.20216e-071 6.39648e-041 3.10449e-021 9.57218e-020 2.62527e-073 
3.24449e-071 5.3304e-041 2.58708e-021 7.97682e-020 1.68525e-091 
3.60571e-071 4.442e-041 2.1559e-021 6.64735e-020 1.08182e-109 
3.58201e-071 3.70167e-041 1.79658e-021 5.53946e-020 6.94454e-128 
2.82355e-049 3.59325e-022 1.74802e-021 2.48667e-032 0 
2.74085e-030 3.49614e-022 1.70078e-021 1.11627e-044 0 
2.66678e-030 3.40165e-022 1.65481e-021 5.01097e-057 0 
2.5947e-030 3.30971e-022 1.61009e-021 2.24943e-069 0 
2.52457e-030 3.22026e-022 1.56657e-021 1.00978e-081 0 
2.45634e-030 3.13323e-022 1.52423e-021 4.5329e-094 0 
2.38996e-030 3.04854e-022 1.48304e-021 2.03483e-106 0 
2.32536e-030 2.96615e-022 1.44296e-021 9.13438e-119 0 
2.26251e-030 2.88598e-022 1.40396e-021 4.10044e-131 0 
2.20137e-030 2.80798e-022 1.36601e-021 1.8407e-143 0 
2.14187e-030 2.73209e-022 1.32909e-021 8.26292e-156 0 
2.08398e-030 2.65825e-022 1.29317e-021 3.70924e-168 0 
2.02766e-030 2.58641e-022 1.25822e-021 1.66509e-180 0 
1.97286e-030 2.51651e-022 1.22421e-021 7.4746e-193 0 
1.91954e-030 2.44849e-022 1.19113e-021 3.35536e-205 0 
1.86766e-030 2.38232e-022 1.15894e-021 1.50623e-217 0 
1.81718e-030 2.31793e-022 1.12761e-021 6.76149e-230 0 
1.76807e-030 2.25528e-022 1.09714e-021 3.03525e-242 0 
1.72028e-030 2.19433e-022 1.06748e-021 1.36253e-254 0 
1.67379e-030 2.13502e-022 1.03863e-021 6.11641e-267 0 
1.62855e-030 2.07732e-022 1.01056e-021 2.74567e-279 0 
1.58453e-030 2.02118e-022 9.8325e-022 1.23254e-291 0 
1.54171e-030 1.96655e-022 9.56676e-022 5.53288e-304 0 
1.50004e-030 1.9134e-022 9.30819e-022 2.48372e-316 0 
1.4595e-030 1.86169e-022 9.05662e-022 0 0 
1.42005e-030 1.81137e-022 8.81185e-022 0 0 
1.38167e-030 1.76241e-022 8.57369e-022 0 0 
1.34433e-030 1.71478e-022 8.34197e-022 0 0 
1.308e-030 1.66844e-022 8.11651e-022 0 0 
1.27265e-030 1.62334e-022 7.89714e-022 0 0 
1.23825e-030 1.57947e-022 7.68371e-022 0 0 
1.20478e-030 1.53678e-022 7.47604e-022 0 0 
1.17222e-030 1.49525e-022 7.27399e-022 0 0 
1.14054e-030 1.45483e-022 7.07739e-022 0 0 
1.10972e-030 1.41551e-022 6.88611e-022 0 0 
1.07972e-030 1.37726e-022 6.7e-022 0 0 
1.05054e-030 1.34003e-022 6.51892e-022 0 0 
2.68e-023 1.07202e-022 1.75536e-040 0 0 
2.14404e-023 8.57611e-023 4.72667e-059 0 0 
1.71522e-023 6.86084e-023 1.27276e-077 0 0 
1.37217e-023 5.48864e-023 3.42717e-096 0 0 
1.09773e-023 4.39088e-023 9.22838e-115 0 0 
7.02532e-024 5.03902e-053 7.70823e-134 0 0 
4.49612e-024 5.78283e-083 6.43849e-153 0 0 
2.87746e-024 6.63644e-113 5.37791e-172 0 0 
1.84154e-024 7.61605e-143 4.49203e-191 0 0 

 Iteration no: 14
 matrix beta
0 0 8.74763e-013 0.0860215 0.516129 
0 0 7.52484e-014 0.0443982 0.266389 
0 0 3.88379e-014 0.0229152 0.137491 
0 0 2.00454e-014 0.0118272 0.0709632 
0 0 1.0346e-014 0.00610436 0.0366262 
0 0 5.33987e-015 0.00315064 0.0189038 
0 0 2.75606e-015 0.00162614 0.00975681 
0 0 1.42248e-015 0.000839296 0.00503577 
0 0 0 8.12222e-005 0.000487333 
0 0 0 7.86021e-006 4.71613e-005 
0 0 0 7.60666e-007 4.56399e-006 
0 0 0 7.36128e-008 4.41677e-007 
0 0 0 7.12382e-009 4.27429e-008 
0 0 0 6.89402e-010 4.13641e-009 
0 0 0 1.33433e-010 8.00596e-010 
0 0 0 1.29128e-011 7.7477e-011 
0 0 0 1.24963e-012 7.49777e-012 
0 0 0 1.20932e-013 7.25591e-013 
0 0 0 2.34062e-014 1.40437e-013 
0 0 2.04748e-026 1.20806e-014 7.24836e-014 
0 0 1.05677e-026 6.23515e-015 3.74109e-014 
0 0 5.45427e-027 3.21814e-015 1.93088e-014 
0 0 0 6.22866e-016 3.7372e-015 
0 0 0 1.20555e-016 7.23328e-016 
0 0 0 2.33332e-017 1.39999e-016 
0 0 2.0411e-029 1.20429e-017 7.22576e-017 
0 0 0 2.33089e-018 1.39853e-017 
0 0 2.03897e-030 1.20304e-018 7.21824e-018 
0 0 1.05237e-030 6.20924e-019 3.72554e-018 
0 0 5.43161e-031 3.20477e-019 1.92286e-018 
0 0 2.80341e-031 1.65407e-019 9.92444e-019 
0 1.51889e-052 4.47047e-021 1.37839e-019 2.46613e-038 
1.08943e-083 2.42211e-042 3.72539e-021 1.14866e-019 6.12808e-058 
1.73726e-073 2.01843e-042 3.10449e-021 9.57218e-020 1.52277e-077 
2.55956e-073 1.68202e-042 2.58708e-021 7.97682e-020 3.78392e-097 
2.84455e-073 1.40168e-042 2.1559e-021 6.64735e-020 9.40268e-117 
2.82586e-073 1.16807e-042 1.79658e-021 5.53946e-020 2.33647e-136 
1.46519e-051 3.59318e-022 1.74802e-021 3.54965e-033 0 
4.50718e-031 3.49607e-022 1.70078e-021 2.27459e-046 0 
4.38536e-031 3.40158e-022 1.65481e-021 1.45754e-059 0 
4.26684e-031 3.30964e-022 1.61009e-021 9.33985e-073 0 
4.15152e-031 3.22019e-022 1.56657e-021 5.98492e-086 0 
4.03931e-031 3.13316e-022 1.52423e-021 3.8351e-099 0 
3.93014e-031 3.04848e-022 1.48304e-021 2.45751e-112 0 
3.82392e-031 2.96609e-022 1.44296e-021 1.57475e-125 0 
3.72057e-031 2.88593e-022 1.40396e-021 1.00909e-138 0 
3.62002e-031 2.80793e-022 1.36601e-021 6.4662e-152 0 
3.52218e-031 2.73204e-022 1.32909e-021 4.1435e-165 0 
3.42699e-031 2.6582e-022 1.29317e-021 2.65513e-178 0 
3.33437e-031 2.58636e-022 1.25822e-021 1.70139e-191 0 
3.24425e-031 2.51645e-022 1.22421e-021 1.09024e-204 0 
3.15656e-031 2.44844e-022 1.19113e-021 6.98619e-218 0 
3.07125e-031 2.38227e-022 1.15894e-021 4.47671e-231 0 
2.98825e-031 2.31788e-022 1.12761e-021 2.86864e-244 0 
2.90748e-031 2.25524e-022 1.09714e-021 1.83821e-257 0 
2.8289e-031 2.19428e-022 1.06748e-021 1.17791e-270 0 
2.75244e-031 2.13498e-022 1.03863e-021 7.54799e-284 0 
2.67805e-031 2.07728e-022 1.01056e-021 4.83671e-297 0 
2.60567e-031 2.02113e-022 9.8325e-022 3.09933e-310 0 
2.53525e-031 1.96651e-022 9.56676e-022 1.97626e-323 0 
2.46673e-031 1.91336e-022 9.30819e-022 0 0 
2.40006e-031 1.86165e-022 9.05662e-022 0 0 
2.3352e-031 1.81133e-022 8.81185e-022 0 0 
2.27208e-031 1.76238e-022 8.57369e-022 0 0 
2.21067e-031 1.71475e-022 8.34197e-022 0 0 
2.15093e-031 1.6684e-022 8.11651e-022 0 0 
2.09279e-031 1.62331e-022 7.89714e-022 0 0 
2.03623e-031 1.57944e-022 7.68371e-022 0 0 
1.9812e-031 1.53675e-022 7.47604e-022 0 0 
1.92765e-031 1.49522e-022 7.27399e-022 0 0 
1.87555e-031 1.4548e-022 7.07739e-022 0 0 
1.82486e-031 1.41549e-022 6.88611e-022 0 0 
1.77554e-031 1.37723e-022 6.7e-022 0 0 
1.72755e-031 1.34001e-022 6.51892e-022 0 0 
2.68e-023 1.072e-022 5.77002e-042 0 0 
2.14401e-023 8.57602e-023 5.10716e-062 0 0 
1.7152e-023 6.86081e-023 4.52044e-082 0 0 
1.37216e-023 5.48864e-023 4.00113e-102 0 0 
1.09773e-023 4.39091e-023 3.54148e-122 0 0 
7.02543e-024 1.25976e-053 9.33457e-143 0 0 
4.49626e-024 3.61427e-084 2.46039e-163 0 0 
2.8776e-024 1.03694e-114 6.48505e-184 0 0 
1.84165e-024 2.975e-145 1.70932e-204 0 0 

 Iteration no: 15
 matrix beta
0 0 2.35396e-013 0.0860215 0.516129 
0 0 2.02491e-014 0.0443982 0.266389 
0 0 1.04512e-014 0.0229152 0.137491 
0 0 5.39415e-015 0.0118272 0.0709632 
0 0 2.78408e-015 0.00610436 0.0366262 
0 0 1.43694e-015 0.00315064 0.0189038 
0 0 7.41648e-016 0.00162614 0.00975681 
0 0 3.82786e-016 0.000839296 0.00503577 
0 0 0 8.12222e-005 0.000487333 
0 0 0 7.86021e-006 4.71613e-005 
0 0 0 7.60666e-007 4.56399e-006 
0 0 0 7.36128e-008 4.41677e-007 
0 0 0 7.12382e-009 4.27429e-008 
0 0 0 6.89402e-010 4.13641e-009 
0 0 0 1.33433e-010 8.00596e-010 
0 0 0 1.29128e-011 7.7477e-011 
0 0 0 1.24963e-012 7.49777e-012 
0 0 0 1.20932e-013 7.25591e-013 
0 0 0 2.34062e-014 1.40437e-013 
0 0 5.50972e-027 1.20806e-014 7.24836e-014 
0 0 2.84373e-027 6.23515e-015 3.74109e-014 
0 0 1.46773e-027 3.21814e-015 1.93088e-014 
0 0 0 6.22866e-016 3.7372e-015 
0 0 0 1.20555e-016 7.23328e-016 
0 0 0 2.33332e-017 1.39999e-016 
0 0 5.49254e-030 1.20429e-017 7.22576e-017 
0 0 0 2.33089e-018 1.39853e-017 
0 0 5.48682e-031 1.20304e-018 7.21824e-018 
0 0 2.83191e-031 6.20924e-019 3.72554e-018 
0 0 1.46163e-031 3.20477e-019 1.92286e-018 
0 0 7.5439e-032 1.65407e-019 9.92444e-019 
0 1.28978e-054 4.47047e-021 1.37839e-019 9.54629e-040 
2.31275e-086 7.64315e-044 3.72539e-021 1.14866e-019 9.18255e-061 
1.37052e-075 6.36929e-044 3.10449e-021 9.57218e-020 8.83267e-082 
2.01923e-075 5.30774e-044 2.58708e-021 7.97682e-020 8.49612e-103 
2.24406e-075 4.42312e-044 2.1559e-021 6.64735e-020 8.17239e-124 
2.22932e-075 3.68593e-044 1.79658e-021 5.53946e-020 7.861e-145 
7.60316e-054 3.59317e-022 1.74802e-021 5.06702e-034 0 
7.4118e-032 3.49605e-022 1.70078e-021 4.63487e-048 0 
7.21148e-032 3.40157e-022 1.65481e-021 4.23957e-062 0 
7.01658e-032 3.30963e-022 1.61009e-021 3.87799e-076 0 
6.82694e-032 3.22018e-022 1.56657e-021 3.54725e-090 0 
6.64243e-032 3.13315e-022 1.52423e-021 3.24472e-104 0 
6.4629e-032 3.04847e-022 1.48304e-021 2.96799e-118 0 
6.28823e-032 2.96608e-022 1.44296e-021 2.71486e-132 0 
6.11828e-032 2.88591e-022 1.40396e-021 2.48331e-146 0 
5.95292e-032 2.80792e-022 1.36601e-021 2.27152e-160 0 
5.79203e-032 2.73203e-022 1.32909e-021 2.07779e-174 0 
5.63549e-032 2.65819e-022 1.29317e-021 1.90058e-188 0 
5.48318e-032 2.58635e-022 1.25822e-021 1.73849e-202 0 
5.33498e-032 2.51644e-022 1.22421e-021 1.59022e-216 0 
5.19079e-032 2.44843e-022 1.19113e-021 1.45459e-230 0 
5.0505e-032 2.38226e-022 1.15894e-021 1.33053e-244 0 
4.914e-032 2.31787e-022 1.12761e-021 1.21706e-258 0 
4.78119e-032 2.25523e-022 1.09714e-021 1.11326e-272 0 
4.65197e-032 2.19428e-022 1.06748e-021 1.01831e-286 0 
4.52624e-032 2.13497e-022 1.03863e-021 9.31464e-301 0 
4.40391e-032 2.07727e-022 1.01056e-021 8.52022e-315 0 
4.28489e-032 2.02113e-022 9.8325e-022 0 0 
4.16908e-032 1.9665e-022 9.56676e-022 0 0 
4.0564e-032 1.91335e-022 9.30819e-022 0 0 
3.94677e-032 1.86164e-022 9.05662e-022 0 0 
3.8401e-032 1.81133e-022 8.81185e-022 0 0 
3.73631e-032 1.76237e-022 8.57369e-022 0 0 
3.63533e-032 1.71474e-022 8.34197e-022 0 0 
3.53708e-032 1.6684e-022 8.11651e-022 0 0 
3.44148e-032 1.6233e-022 7.89714e-022 0 0 
3.34847e-032 1.57943e-022 7.68371e-022 0 0 
3.25797e-032 1.53674e-022 7.47604e-022 0 0 
3.16992e-032 1.49521e-022 7.27399e-022 0 0 
3.08424e-032 1.4548e-022 7.07739e-022 0 0 
3.00088e-032 1.41548e-022 6.88611e-022 0 0 
2.91978e-032 1.37722e-022 6.7e-022 0 0 
2.84087e-032 1.34e-022 6.51892e-022 0 0 
2.68e-023 1.072e-022 1.89665e-043 0 0 
2.144e-023 8.576e-023 5.51821e-065 0 0 
1.7152e-023 6.8608e-023 1.6055e-086 0 0 
1.37216e-023 5.48864e-023 4.67112e-108 0 0 
1.09773e-023 4.39091e-023 1.35904e-129 0 0 
7.02545e-024 3.1494e-054 1.13038e-151 0 0 
4.49629e-024 2.25892e-085 9.40183e-174 0 0 
2.87762e-024 1.62022e-116 7.81992e-196 0 0 
1.84168e-024 1.16211e-147 6.50417e-218 0 0 

 Iteration no: 16
 matrix beta
0 0 6.33445e-014 0.0860215 0.516129 
0 0 5.44899e-015 0.0443982 0.266389 
0 0 2.81238e-015 0.0229152 0.137491 
0 0 1.45155e-015 0.0118272 0.0709632 
0 0 7.49188e-016 0.00610436 0.0366262 
0 0 3.86677e-016 0.00315064 0.0189038 
0 0 1.99575e-016 0.00162614 0.00975681 
0 0 1.03007e-016 0.000839296 0.00503577 
0 0 0 8.12222e-005 0.000487333 
0 0 0 7.86021e-006 4.71613e-005 
0 0 0 7.60666e-007 4.56399e-006 
0 0 0 7.36128e-008 4.41677e-007 
0 0 0 7.12382e-009 4.27429e-008 
0 0 0 6.89402e-010 4.13641e-009 
0 0 0 1.33433e-010 8.00596e-010 
0 0 0 1.29128e-011 7.7477e-011 
0 0 0 1.24963e-012 7.49777e-012 
0 0 0 1.20932e-013 7.25591e-013 
0 0 0 2.34062e-014 1.40437e-013 
0 0 1.48265e-027 1.20806e-014 7.24836e-014 
0 0 7.65239e-028 6.23515e-015 3.74109e-014 
0 0 3.94962e-028 3.21814e-015 1.93088e-014 
0 0 0 6.22866e-016 3.7372e-015 
0 0 0 1.20555e-016 7.23328e-016 
0 0 0 2.33332e-017 1.39999e-016 
0 0 1.47803e-030 1.20429e-017 7.22576e-017 
0 0 0 2.33089e-018 1.39853e-017 
0 0 1.47649e-031 1.20304e-018 7.21824e-018 
0 0 7.62059e-032 6.20924e-019 3.72554e-018 
0 0 3.93321e-032 3.20477e-019 1.92286e-018 
0 0 2.03004e-032 1.65407e-019 9.92444e-019 
0 1.09523e-056 4.47047e-021 1.37839e-019 3.69534e-041 
4.90973e-089 2.41186e-045 3.72539e-021 1.14866e-019 1.37595e-063 
1.0812e-077 2.00988e-045 3.10449e-021 9.57218e-020 5.12331e-086 
1.59297e-077 1.6749e-045 2.58708e-021 7.97682e-020 1.90765e-108 
1.77033e-077 1.39575e-045 2.1559e-021 6.64735e-020 7.10308e-131 
1.7587e-077 1.16313e-045 1.79658e-021 5.53946e-020 2.64481e-153 
3.94542e-056 3.59316e-022 1.74802e-021 7.23301e-035 0 
1.21883e-032 3.49605e-022 1.70078e-021 9.44432e-050 0 
1.18589e-032 3.40156e-022 1.65481e-021 1.23317e-064 0 
1.15384e-032 3.30963e-022 1.61009e-021 1.61018e-079 0 
1.12265e-032 3.22018e-022 1.56657e-021 2.10245e-094 0 
1.09231e-032 3.13315e-022 1.52423e-021 2.74522e-109 0 
1.06279e-032 3.04847e-022 1.48304e-021 3.5845e-124 0 
1.03406e-032 2.96608e-022 1.44296e-021 4.68037e-139 0 
1.00612e-032 2.88591e-022 1.40396e-021 6.11128e-154 0 
9.78924e-033 2.80791e-022 1.36601e-021 7.97965e-169 0 
9.52467e-033 2.73202e-022 1.32909e-021 1.04192e-183 0 
9.26725e-033 2.65819e-022 1.29317e-021 1.36046e-198 0 
9.01678e-033 2.58634e-022 1.25822e-021 1.77639e-213 0 
8.77308e-033 2.51644e-022 1.22421e-021 2.31948e-228 0 
8.53597e-033 2.44843e-022 1.19113e-021 3.0286e-243 0 
8.30527e-033 2.38226e-022 1.15894e-021 3.95452e-258 0 
8.0808e-033 2.31787e-022 1.12761e-021 5.16352e-273 0 
7.8624e-033 2.25523e-022 1.09714e-021 6.74213e-288 0 
7.64991e-033 2.19427e-022 1.06748e-021 8.80337e-303 0 
7.44315e-033 2.13497e-022 1.03863e-021 1.14948e-317 0 
7.24199e-033 2.07727e-022 1.01056e-021 0 0 
7.04626e-033 2.02113e-022 9.8325e-022 0 0 
6.85582e-033 1.9665e-022 9.56676e-022 0 0 
6.67052e-033 1.91335e-022 9.30819e-022 0 0 
6.49024e-033 1.86164e-022 9.05662e-022 0 0 
6.31483e-033 1.81132e-022 8.81185e-022 0 0 
6.14416e-033 1.76237e-022 8.57369e-022 0 0 
5.9781e-033 1.71474e-022 8.34197e-022 0 0 
5.81653e-033 1.66839e-022 8.11651e-022 0 0 
5.65933e-033 1.6233e-022 7.89714e-022 0 0 
5.50637e-033 1.57943e-022 7.68371e-022 0 0 
5.35755e-033 1.53674e-022 7.47604e-022 0 0 
5.21275e-033 1.49521e-022 7.27399e-022 0 0 
5.07187e-033 1.4548e-022 7.07739e-022 0 0 
4.93479e-033 1.41548e-022 6.88611e-022 0 0 
4.80142e-033 1.37722e-022 6.7e-022 0 0 
4.67165e-033 1.34e-022 6.51892e-022 0 0 
2.68e-023 1.072e-022 6.23442e-045 0 0 
2.144e-023 8.576e-023 5.96234e-068 0 0 
1.7152e-023 6.8608e-023 5.70213e-091 0 0 
1.37216e-023 5.48864e-023 5.45328e-114 0 0 
1.09773e-023 4.39091e-023 5.21529e-137 0 0 
7.02546e-024 7.8735e-055 1.36883e-160 0 0 
4.49629e-024 1.41182e-086 3.59268e-184 0 0 
2.87763e-024 2.53159e-118 9.42951e-208 0 0 
1.84168e-024 4.53949e-150 2.47491e-231 0 0 

 Iteration no: 17
 matrix beta
0 0 1.70458e-014 0.0860215 0.516129 
0 0 1.46631e-015 0.0443982 0.266389 
0 0 7.56804e-016 0.0229152 0.137491 
0 0 3.90608e-016 0.0118272 0.0709632 
0 0 2.01604e-016 0.00610436 0.0366262 
0 0 1.04054e-016 0.00315064 0.0189038 
0 0 5.37052e-017 0.00162614 0.00975681 
0 0 2.77188e-017 0.000839296 0.00503577 
0 0 0 8.12222e-005 0.000487333 
0 0 0 7.86021e-006 4.71613e-005 
0 0 0 7.60666e-007 4.56399e-006 
0 0 0 7.36128e-008 4.41677e-007 
0 0 0 7.12382e-009 4.27429e-008 
0 0 0 6.89402e-010 4.13641e-009 
0 0 0 1.33433e-010 8.00596e-010 
0 0 0 1.29128e-011 7.7477e-011 
0 0 0 1.24963e-012 7.49777e-012 
0 0 0 1.20932e-013 7.25591e-013 
0 0 0 2.34062e-014 1.40437e-013 
0 0 3.98977e-028 1.20806e-014 7.24836e-014 
0 0 2.05924e-028 6.23515e-015 3.74109e-014 
0 0 1.06283e-028 3.21814e-015 1.93088e-014 
0 0 0 6.22866e-016 3.7372e-015 
0 0 0 1.20555e-016 7.23328e-016 
0 0 0 2.33332e-017 1.39999e-016 
0 0 3.97733e-031 1.20429e-017 7.22576e-017 
0 0 0 2.33089e-018 1.39853e-017 
0 0 3.97319e-032 1.20304e-018 7.21824e-018 
0 0 2.05068e-032 6.20924e-019 3.72554e-018 
0 0 1.05842e-032 3.20477e-019 1.92286e-018 
0 0 5.46279e-033 1.65407e-019 9.92444e-019 
0 9.30024e-059 4.47047e-021 1.37839e-019 1.43045e-042 
1.04229e-091 7.61084e-047 3.72539e-021 1.14866e-019 2.06178e-066 
8.52954e-080 6.34237e-047 3.10449e-021 9.57218e-020 2.97173e-090 
1.25669e-079 5.28531e-047 2.58708e-021 7.97682e-020 4.28329e-114 
1.39661e-079 4.40442e-047 2.1559e-021 6.64735e-020 6.17369e-138 
1.38744e-079 3.67035e-047 1.79658e-021 5.53946e-020 8.89841e-162 
2.04735e-058 3.59316e-022 1.74802e-021 1.03249e-035 0 
2.0043e-033 3.49605e-022 1.70078e-021 1.92444e-051 0 
1.95013e-033 3.40156e-022 1.65481e-021 3.58693e-067 0 
1.89742e-033 3.30963e-022 1.61009e-021 6.68561e-083 0 
1.84614e-033 3.22018e-022 1.56657e-021 1.24612e-098 0 
1.79624e-033 3.13315e-022 1.52423e-021 2.32262e-114 0 
1.7477e-033 3.04847e-022 1.48304e-021 4.32908e-130 0 
1.70046e-033 2.96608e-022 1.44296e-021 8.0689e-146 0 
1.6545e-033 2.88591e-022 1.40396e-021 1.50395e-161 0 
1.60979e-033 2.80791e-022 1.36601e-021 2.80318e-177 0 
1.56628e-033 2.73202e-022 1.32909e-021 5.2248e-193 0 
1.52395e-033 2.65819e-022 1.29317e-021 9.73841e-209 0 
1.48276e-033 2.58634e-022 1.25822e-021 1.81512e-224 0 
1.44268e-033 2.51644e-022 1.22421e-021 3.38318e-240 0 
1.40369e-033 2.44843e-022 1.19113e-021 6.30584e-256 0 
1.36576e-033 2.38226e-022 1.15894e-021 1.17533e-271 0 
1.32884e-033 2.31787e-022 1.12761e-021 2.19068e-287 0 
1.29293e-033 2.25523e-022 1.09714e-021 4.08318e-303 0 
1.25798e-033 2.19427e-022 1.06748e-021 7.61054e-319 0 
1.22398e-033 2.13497e-022 1.03863e-021 0 0 
1.1909e-033 2.07727e-022 1.01056e-021 0 0 
1.15872e-033 2.02112e-022 9.8325e-022 0 0 
1.1274e-033 1.9665e-022 9.56676e-022 0 0 
1.09693e-033 1.91335e-022 9.30819e-022 0 0 
1.06728e-033 1.86164e-022 9.05662e-022 0 0 
1.03844e-033 1.81132e-022 8.81185e-022 0 0 
1.01037e-033 1.76237e-022 8.57369e-022 0 0 
9.83065e-034 1.71474e-022 8.34197e-022 0 0 
9.56496e-034 1.66839e-022 8.11651e-022 0 0 
9.30645e-034 1.6233e-022 7.89714e-022 0 0 
9.05492e-034 1.57943e-022 7.68371e-022 0 0 
8.81019e-034 1.53674e-022 7.47604e-022 0 0 
8.57208e-034 1.49521e-022 7.27399e-022 0 0 
8.3404e-034 1.4548e-022 7.07739e-022 0 0 
8.11499e-034 1.41548e-022 6.88611e-022 0 0 
7.89566e-034 1.37722e-022 6.7e-022 0 0 
7.68227e-034 1.34e-022 6.51892e-022 0 0 
2.68e-023 1.072e-022 2.0493e-046 0 0 
2.144e-023 8.576e-023 6.44221e-071 0 0 
1.7152e-023 6.8608e-023 2.02518e-095 0 0 
1.37216e-023 5.48864e-023 6.36641e-120 0 0 
1.09773e-023 4.39091e-023 2.00135e-144 0 0 
7.02546e-024 1.96837e-055 1.65758e-169 0 0 
4.49629e-024 8.82391e-088 1.37286e-194 0 0 
2.87763e-024 3.95561e-120 1.13704e-219 0 0 
1.84168e-024 1.77324e-152 9.41728e-245 0 0 

 Iteration no: 18
 matrix beta
0 0 4.58698e-015 0.0860215 0.516129 
0 0 3.94579e-016 0.0443982 0.266389 
0 0 2.03654e-016 0.0229152 0.137491 
0 0 1.05112e-016 0.0118272 0.0709632 
0 0 5.42512e-017 0.00610436 0.0366262 
0 0 2.80006e-017 0.00315064 0.0189038 
0 0 1.44519e-017 0.00162614 0.00975681 
0 0 7.45906e-018 0.000839296 0.00503577 
0 0 0 8.12222e-005 0.000487333 
0 0 0 7.86021e-006 4.71613e-005 
0 0 0 7.60666e-007 4.56399e-006 
0 0 0 7.36128e-008 4.41677e-007 
0 0 0 7.12382e-009 4.27429e-008 
0 0 0 6.89402e-010 4.13641e-009 
0 0 0 1.33433e-010 8.00596e-010 
0 0 0 1.29128e-011 7.7477e-011 
0 0 0 1.24963e-012 7.49777e-012 
0 0 0 1.20932e-013 7.25591e-013 
0 0 0 2.34062e-014 1.40437e-013 
0 0 1.07364e-028 1.20806e-014 7.24836e-014 
0 0 5.54135e-029 6.23515e-015 3.74109e-014 
0 0 2.86005e-029 3.21814e-015 1.93088e-014 
0 0 0 6.22866e-016 3.7372e-015 
0 0 0 1.20555e-016 7.23328e-016 
0 0 0 2.33332e-017 1.39999e-016 
0 0 1.07029e-031 1.20429e-017 7.22576e-017 
0 0 0 2.33089e-018 1.39853e-017 
0 0 1.06917e-032 1.20304e-018 7.21824e-018 
0 0 5.51832e-033 6.20924e-019 3.72554e-018 
0 0 2.84817e-033 3.20477e-019 1.92286e-018 
0 0 1.47002e-033 1.65407e-019 9.92444e-019 
0 7.89739e-061 4.47047e-021 1.37839e-019 5.53724e-044 
2.21267e-094 2.40167e-048 3.72539e-021 1.14866e-019 3.08945e-069 
6.72893e-082 2.00139e-048 3.10449e-021 9.57218e-020 1.72372e-094 
9.91396e-082 1.66782e-048 2.58708e-021 7.97682e-020 9.61735e-120 
1.10178e-081 1.38985e-048 2.1559e-021 6.64735e-020 5.3659e-145 
1.09454e-081 1.15821e-048 1.79658e-021 5.53946e-020 2.99385e-170 
1.06241e-060 3.59316e-022 1.74802e-021 1.47385e-036 0 
3.29596e-034 3.49605e-022 1.70078e-021 3.92137e-053 0 
3.20688e-034 3.40156e-022 1.65481e-021 1.04333e-069 0 
3.1202e-034 3.30963e-022 1.61009e-021 2.77593e-086 0 
3.03587e-034 3.22018e-022 1.56657e-021 7.38572e-103 0 
2.95382e-034 3.13315e-022 1.52423e-021 1.96507e-119 0 
2.87399e-034 3.04847e-022 1.48304e-021 5.22833e-136 0 
2.79631e-034 2.96608e-022 1.44296e-021 1.39107e-152 0 
2.72074e-034 2.88591e-022 1.40396e-021 3.70112e-169 0 
2.6472e-034 2.80791e-022 1.36601e-021 9.84733e-186 0 
2.57566e-034 2.73202e-022 1.32909e-021 2.62001e-202 0 
2.50605e-034 2.65819e-022 1.29317e-021 6.9709e-219 0 
2.43832e-034 2.58634e-022 1.25822e-021 1.8547e-235 0 
2.37241e-034 2.51644e-022 1.22421e-021 4.93468e-252 0 
2.3083e-034 2.44843e-022 1.19113e-021 1.31294e-268 0 
2.24591e-034 2.38226e-022 1.15894e-021 3.49325e-285 0 
2.18521e-034 2.31787e-022 1.12761e-021 9.29425e-302 0 
2.12615e-034 2.25523e-022 1.09714e-021 2.47286e-318 0 
2.06869e-034 2.19427e-022 1.06748e-021 0 0 
2.01278e-034 2.13497e-022 1.03863e-021 0 0 
1.95838e-034 2.07727e-022 1.01056e-021 0 0 
1.90545e-034 2.02112e-022 9.8325e-022 0 0 
1.85395e-034 1.9665e-022 9.56676e-022 0 0 
1.80384e-034 1.91335e-022 9.30819e-022 0 0 
1.75509e-034 1.86164e-022 9.05662e-022 0 0 
1.70765e-034 1.81132e-022 8.81185e-022 0 0 
1.6615e-034 1.76237e-022 8.57369e-022 0 0 
1.6166e-034 1.71474e-022 8.34197e-022 0 0 
1.5729e-034 1.66839e-022 8.11651e-022 0 0 
1.53039e-034 1.6233e-022 7.89714e-022 0 0 
1.48903e-034 1.57943e-022 7.68371e-022 0 0 
1.44879e-034 1.53674e-022 7.47604e-022 0 0 
1.40963e-034 1.49521e-022 7.27399e-022 0 0 
1.37153e-034 1.4548e-022 7.07739e-022 0 0 
1.33446e-034 1.41548e-022 6.88611e-022 0 0 
1.2984e-034 1.37722e-022 6.7e-022 0 0 
1.26331e-034 1.34e-022 6.51892e-022 0 0 
2.68e-023 1.072e-022 6.73619e-048 0 0 
2.144e-023 8.576e-023 6.9607e-074 0 0 
1.7152e-023 6.8608e-023 7.1927e-100 0 0 
1.37216e-023 5.48864e-023 7.43243e-126 0 0 
1.09773e-023 4.39091e-023 7.68015e-152 0 0 
7.02546e-024 4.92094e-056 2.00724e-178 0 0 
4.49629e-024 5.51494e-089 5.24603e-205 0 0 
2.87763e-024 6.18065e-122 1.37108e-231 0 0 
1.84168e-024 6.92671e-155 3.58337e-258 0 0 

 Iteration no: 19
 matrix beta
0 0 1.23434e-015 0.0860215 0.516129 
0 0 1.0618e-016 0.0443982 0.266389 
0 0 5.48027e-017 0.0229152 0.137491 
0 0 2.82852e-017 0.0118272 0.0709632 
0 0 1.45988e-017 0.00610436 0.0366262 
0 0 7.53488e-018 0.00315064 0.0189038 
0 0 3.88897e-018 0.00162614 0.00975681 
0 0 2.00721e-018 0.000839296 0.00503577 
0 0 0 8.12222e-005 0.000487333 
0 0 0 7.86021e-006 4.71613e-005 
0 0 0 7.60666e-007 4.56399e-006 
0 0 0 7.36128e-008 4.41677e-007 
0 0 0 7.12382e-009 4.27429e-008 
0 0 0 6.89402e-010 4.13641e-009 
0 0 0 1.33433e-010 8.00596e-010 
0 0 0 1.29128e-011 7.7477e-011 
0 0 0 1.24963e-012 7.49777e-012 
0 0 0 1.20932e-013 7.25591e-013 
0 0 0 2.34062e-014 1.40437e-013 
0 0 2.88913e-029 1.20806e-014 7.24836e-014 
0 0 1.49116e-029 6.23515e-015 3.74109e-014 
0 0 7.69632e-030 3.21814e-015 1.93088e-014 
0 0 0 6.22866e-016 3.7372e-015 
0 0 0 1.20555e-016 7.23328e-016 
0 0 0 2.33332e-017 1.39999e-016 
0 0 2.88012e-032 1.20429e-017 7.22576e-017 
0 0 0 2.33089e-018 1.39853e-017 
0 0 2.87712e-033 1.20304e-018 7.21824e-018 
0 0 1.48496e-033 6.20924e-019 3.72554e-018 
0 0 7.66433e-034 3.20477e-019 1.92286e-018 
0 0 3.95579e-034 1.65407e-019 9.92444e-019 
0 6.70615e-063 4.47047e-021 1.37839e-019 2.14345e-045 
4.69728e-097 7.57867e-050 3.72539e-021 1.14866e-019 4.62935e-072 
5.30843e-084 6.31556e-050 3.10449e-021 9.57218e-020 9.99831e-099 
7.82109e-084 5.26297e-050 2.58708e-021 7.97682e-020 2.1594e-125 
8.69191e-084 4.38581e-050 2.1559e-021 6.64735e-020 4.6638e-152 
8.63483e-084 3.65484e-050 1.79658e-021 5.53946e-020 1.00727e-178 
5.51305e-063 3.59316e-022 1.74802e-021 2.10387e-037 0 
5.42002e-035 3.49605e-022 1.70078e-021 7.99044e-055 0 
5.27353e-035 3.40156e-022 1.65481e-021 3.03475e-072 0 
5.131e-035 3.30963e-022 1.61009e-021 1.15259e-089 0 
4.99232e-035 3.22018e-022 1.56657e-021 4.3775e-107 0 
4.8574e-035 3.13315e-022 1.52423e-021 1.66256e-124 0 
4.72612e-035 3.04847e-022 1.48304e-021 6.31437e-142 0 
4.59838e-035 2.96608e-022 1.44296e-021 2.39818e-159 0 
4.4741e-035 2.88591e-022 1.40396e-021 9.10823e-177 0 
4.35318e-035 2.80791e-022 1.36601e-021 3.45928e-194 0 
4.23553e-035 2.73202e-022 1.32909e-021 1.31383e-211 0 
4.12105e-035 2.65819e-022 1.29317e-021 4.98987e-229 0 
4.00967e-035 2.58634e-022 1.25822e-021 1.89514e-246 0 
3.9013e-035 2.51644e-022 1.22421e-021 7.19769e-264 0 
3.79586e-035 2.44843e-022 1.19113e-021 2.73366e-281 0 
3.69327e-035 2.38226e-022 1.15894e-021 1.03824e-298 0 
3.59345e-035 2.31787e-022 1.12761e-021 3.9432e-316 0 
3.49633e-035 2.25523e-022 1.09714e-021 0 0 
3.40184e-035 2.19427e-022 1.06748e-021 0 0 
3.3099e-035 2.13497e-022 1.03863e-021 0 0 
3.22044e-035 2.07727e-022 1.01056e-021 0 0 
3.1334e-035 2.02112e-022 9.8325e-022 0 0 
3.04871e-035 1.9665e-022 9.56676e-022 0 0 
2.96632e-035 1.91335e-022 9.30819e-022 0 0 
2.88615e-035 1.86164e-022 9.05662e-022 0 0 
2.80814e-035 1.81132e-022 8.81185e-022 0 0 
2.73225e-035 1.76237e-022 8.57369e-022 0 0 
2.6584e-035 1.71474e-022 8.34197e-022 0 0 
2.58655e-035 1.66839e-022 8.11651e-022 0 0 
2.51665e-035 1.6233e-022 7.89714e-022 0 0 
2.44863e-035 1.57943e-022 7.68371e-022 0 0 
2.38245e-035 1.53674e-022 7.47604e-022 0 0 
2.31806e-035 1.49521e-022 7.27399e-022 0 0 
2.25541e-035 1.4548e-022 7.07739e-022 0 0 
2.19445e-035 1.41548e-022 6.88611e-022 0 0 
2.13514e-035 1.37722e-022 6.7e-022 0 0 
2.07744e-035 1.34e-022 6.51892e-022 0 0 
2.68e-023 1.072e-022 2.21423e-049 0 0 
2.144e-023 8.576e-023 7.52092e-077 0 0 
1.7152e-023 6.8608e-023 2.55458e-104 0 0 
1.37216e-023 5.48864e-023 8.67695e-132 0 0 
1.09773e-023 4.39091e-023 2.94724e-159 0 0 
7.02546e-024 1.23023e-056 2.43067e-187 0 0 
4.49629e-024 3.44684e-090 2.00464e-215 0 0 
2.87763e-024 9.65726e-124 1.65329e-243 0 0 
1.84168e-024 2.70575e-157 1.36351e-271 0 0 

 Iteration no: 20
 matrix beta
0 0 3.32159e-016 0.0860215 0.516129 
0 0 2.85728e-017 0.0443982 0.266389 
0 0 1.47472e-017 0.0229152 0.137491 
0 0 7.61148e-018 0.0118272 0.0709632 
0 0 3.92851e-018 0.00610436 0.0366262 
0 0 2.02762e-018 0.00315064 0.0189038 
0 0 1.04651e-018 0.00162614 0.00975681 
0 0 5.40135e-019 0.000839296 0.00503577 
0 0 0 8.12222e-005 0.000487333 
0 0 0 7.86021e-006 4.71613e-005 
0 0 0 7.60666e-007 4.56399e-006 
0 0 0 7.36128e-008 4.41677e-007 
0 0 0 7.12382e-009 4.27429e-008 
0 0 0 6.89402e-010 4.13641e-009 
0 0 0 1.33433e-010 8.00596e-010 
0 0 0 1.29128e-011 7.7477e-011 
0 0 0 1.24963e-012 7.49777e-012 
0 0 0 1.20932e-013 7.25591e-013 
0 0 0 2.34062e-014 1.40437e-013 
0 0 7.77456e-030 1.20806e-014 7.24836e-014 
0 0 4.01268e-030 6.23515e-015 3.74109e-014 
0 0 2.07106e-030 3.21814e-015 1.93088e-014 
0 0 0 6.22866e-016 3.7372e-015 
0 0 0 1.20555e-016 7.23328e-016 
0 0 0 2.33332e-017 1.39999e-016 
0 0 7.75031e-033 1.20429e-017 7.22576e-017 
0 0 0 2.33089e-018 1.39853e-017 
0 0 7.74225e-034 1.20304e-018 7.21824e-018 
0 0 3.996e-034 6.20924e-019 3.72554e-018 
0 0 2.06245e-034 3.20477e-019 1.92286e-018 
0 0 1.06449e-034 1.65407e-019 9.92444e-019 
0 5.69459e-065 4.47047e-021 1.37839e-019 8.29722e-047 
9.97185e-100 2.39152e-051 3.72539e-021 1.14866e-019 6.93679e-075 
4.18781e-086 1.99293e-051 3.10449e-021 9.57218e-020 5.79943e-103 
6.17004e-086 1.66078e-051 2.58708e-021 7.97682e-020 4.84855e-131 
6.85702e-086 1.38398e-051 2.1559e-021 6.64735e-020 4.05357e-159 
6.81199e-086 1.15332e-051 1.79658e-021 5.53946e-020 3.38894e-187 
2.86083e-065 3.59316e-022 1.74802e-021 3.00321e-038 0 
8.91291e-036 3.49605e-022 1.70078e-021 1.62819e-056 0 
8.67202e-036 3.40156e-022 1.65481e-021 8.8272e-075 0 
8.43765e-036 3.30963e-022 1.61009e-021 4.78566e-093 0 
8.2096e-036 3.22018e-022 1.56657e-021 2.59454e-111 0 
7.98772e-036 3.13315e-022 1.52423e-021 1.40663e-129 0 
7.77184e-036 3.04847e-022 1.48304e-021 7.62601e-148 0 
7.56179e-036 2.96608e-022 1.44296e-021 4.13443e-166 0 
7.35741e-036 2.88591e-022 1.40396e-021 2.24148e-184 0 
7.15856e-036 2.80791e-022 1.36601e-021 1.21521e-202 0 
6.96509e-036 2.73202e-022 1.32909e-021 6.58827e-221 0 
6.77684e-036 2.65819e-022 1.29317e-021 3.57182e-239 0 
6.59369e-036 2.58634e-022 1.25822e-021 1.93646e-257 0 
6.41548e-036 2.51644e-022 1.22421e-021 1.04985e-275 0 
6.24209e-036 2.44843e-022 1.19113e-021 5.69175e-294 0 
6.07338e-036 2.38226e-022 1.15894e-021 3.08578e-312 0 
5.90924e-036 2.31787e-022 1.12761e-021 0 0 
5.74953e-036 2.25523e-022 1.09714e-021 0 0 
5.59413e-036 2.19427e-022 1.06748e-021 0 0 
5.44294e-036 2.13497e-022 1.03863e-021 0 0 
5.29584e-036 2.07727e-022 1.01056e-021 0 0 
5.1527e-036 2.02112e-022 9.8325e-022 0 0 
5.01344e-036 1.9665e-022 9.56676e-022 0 0 
4.87794e-036 1.91335e-022 9.30819e-022 0 0 
4.74611e-036 1.86164e-022 9.05662e-022 0 0 
4.61783e-036 1.81132e-022 8.81185e-022 0 0 
4.49303e-036 1.76237e-022 8.57369e-022 0 0 
4.37159e-036 1.71474e-022 8.34197e-022 0 0 
4.25344e-036 1.66839e-022 8.11651e-022 0 0 
4.13849e-036 1.6233e-022 7.89714e-022 0 0 
4.02663e-036 1.57943e-022 7.68371e-022 0 0 
3.91781e-036 1.53674e-022 7.47604e-022 0 0 
3.81192e-036 1.49521e-022 7.27399e-022 0 0 
3.7089e-036 1.4548e-022 7.07739e-022 0 0 
3.60865e-036 1.41548e-022 6.88611e-022 0 0 
3.51112e-036 1.37722e-022 6.7e-022 0 0 
3.41623e-036 1.34e-022 6.51892e-022 0 0 
2.68e-023 1.072e-022 7.27834e-051 0 0 
2.144e-023 8.576e-023 8.12623e-080 0 0 
1.7152e-023 6.8608e-023 9.0729e-109 0 0 
1.37216e-023 5.48864e-023 1.01299e-137 0 0 
1.09773e-023 4.39091e-023 1.13099e-166 0 0 
7.02546e-024 3.07559e-057 2.94341e-196 0 0 
4.49629e-024 2.15427e-091 7.66025e-226 0 0 
2.87763e-024 1.50895e-125 1.99358e-255 0 0 
1.84168e-024 1.05693e-159 5.1883e-285 0 0 

