 Iteration no: 1
 matrix a : 
0.894701 0.105299 0 0 0 
0 0.0436505 0.956349 0 0 
0 0 0.97264 0.0273596 0 
0 0 0 0.828798 0.171202 
0 0 0 0 1 

 Iteration no: 2
 matrix a : 
0.892283 0.107717 0 0 0 
0 0.0558243 0.944176 0 0 
0 0 0.972722 0.027278 0 
0 0 0 0.833207 0.166793 
0 0 0 0 1 

 Iteration no: 3
 matrix a : 
0.889752 0.110248 0 0 0 
0 0.0943014 0.905699 0 0 
0 0 0.972845 0.0271552 0 
0 0 0 0.833334 0.166666 
0 0 0 0 1 

 Iteration no: 4
 matrix a : 
0.886697 0.113303 0 0 0 
0 0.198612 0.801388 0 0 
0 0 0.972919 0.027081 0 
0 0 0 0.833334 0.166666 
0 0 0 0 1 

 Iteration no: 5
 matrix a : 
0.878298 0.121702 0 0 0 
0 0.447015 0.552985 0 0 
0 0 0.972955 0.0270454 0 
0 0 0 0.833334 0.166666 
0 0 0 0 1 

 Iteration no: 6
 matrix a : 
0.846579 0.153421 0 0 0 
0 0.713385 0.286615 0 0 
0 0 0.972968 0.0270321 0 
0 0 0 0.833333 0.166667 
0 0 0 0 1 

 Iteration no: 7
 matrix a : 
0.813948 0.186052 0 0 0 
0 0.78386 0.21614 0 0 
0 0 0.972972 0.0270281 0 
0 0 0 0.833333 0.166667 
0 0 0 0 1 

 Iteration no: 8
 matrix a : 
0.803076 0.196924 0 0 0 
0 0.796837 0.203163 0 0 
0 0 0.972973 0.0270272 0 
0 0 0 0.833333 0.166667 
0 0 0 0 1 

 Iteration no: 9
 matrix a : 
0.800628 0.199372 0 0 0 
0 0.79937 0.20063 0 0 
0 0 0.972973 0.0270271 0 
0 0 0 0.833333 0.166667 
0 0 0 0 1 

 Iteration no: 10
 matrix a : 
0.800126 0.199874 0 0 0 
0 0.799874 0.200126 0 0 
0 0 0.972973 0.027027 0 
0 0 0 0.833333 0.166667 
0 0 0 0 1 

 Iteration no: 11
 matrix a : 
0.800025 0.199975 0 0 0 
0 0.799975 0.200025 0 0 
0 0 0.972973 0.027027 0 
0 0 0 0.833333 0.166667 
0 0 0 0 1 

 Iteration no: 12
 matrix a : 
0.800005 0.199995 0 0 0 
0 0.799995 0.200005 0 0 
0 0 0.972973 0.027027 0 
0 0 0 0.833333 0.166667 
0 0 0 0 1 

 Iteration no: 13
 matrix a : 
0.800001 0.199999 0 0 0 
0 0.799999 0.200001 0 0 
0 0 0.972973 0.027027 0 
0 0 0 0.833333 0.166667 
0 0 0 0 1 

 Iteration no: 14
 matrix a : 
0.8 0.2 0 0 0 
0 0.8 0.2 0 0 
0 0 0.972973 0.027027 0 
0 0 0 0.833333 0.166667 
0 0 0 0 1 

 Iteration no: 15
 matrix a : 
0.8 0.2 0 0 0 
0 0.8 0.2 0 0 
0 0 0.972973 0.027027 0 
0 0 0 0.833333 0.166667 
0 0 0 0 1 

 Iteration no: 16
 matrix a : 
0.8 0.2 0 0 0 
0 0.8 0.2 0 0 
0 0 0.972973 0.027027 0 
0 0 0 0.833333 0.166667 
0 0 0 0 1 

 Iteration no: 17
 matrix a : 
0.8 0.2 0 0 0 
0 0.8 0.2 0 0 
0 0 0.972973 0.027027 0 
0 0 0 0.833333 0.166667 
0 0 0 0 1 

 Iteration no: 18
 matrix a : 
0.8 0.2 0 0 0 
0 0.8 0.2 0 0 
0 0 0.972973 0.027027 0 
0 0 0 0.833333 0.166667 
0 0 0 0 1 

 Iteration no: 19
 matrix a : 
0.8 0.2 0 0 0 
0 0.8 0.2 0 0 
0 0 0.972973 0.027027 0 
0 0 0 0.833333 0.166667 
0 0 0 0 1 

 Iteration no: 20
 matrix a : 
0.8 0.2 0 0 0 
0 0.8 0.2 0 0 
0 0 0.972973 0.027027 0 
0 0 0 0.833333 0.166667 
0 0 0 0 1 

