 Iteration no: 1
 matrix b : 
0 0 0 0 0 0 0 0 0 0 0 0 0 0 2.46897e-087 0 0 0 0 0 0.105299 0 0 0.473135 0 0 0 0 0.421195 0 0 0.000370956 
0 0 0 0 0 0 0 0 0 0 0 0 0 0 1.45822e-072 0 0 0 0 0 0 0 0 0.470091 0 0 0 0 1.48212e-008 0 0 0.529909 
0 0 0 0 0 0 0 0 0 0 0 0 0 0 2.53447e-014 0 0 0 0 0 0 0 0 0.000415545 0 0 0 0 0.00270885 0 0 0.996876 
0 0 0 0 3.9484e-014 0 0 0 0 0 0 0 0 0 0.000225558 0 0 0 0 0 0 0 0 8.82345e-086 0 0 0 0 0.998697 0 0 0.00107749 
0 0 0.0965678 0.0965678 0.193136 0 0 0 0 0 0 0 0 0 0.514986 0 0 0 0.0965678 0 0 0 0 0 0 0 0 0 0.00217479 0 0 2.68945e-218 

 Iteration no: 2
 matrix b : 
0 0 0 0 0 0 0 0 0 0 0 0 0 0 0 0 0 0 0 0 0.107717 0 0 0.461403 0 0 0 0 0.430868 0 0 1.17588e-005 
0 0 0 0 0 0 0 0 0 0 0 0 0 0 5.96991e-204 0 0 0 0 0 0 0 0 0.675932 0 0 0 0 5.90907e-015 0 0 0.324068 
0 0 0 0 0 0 0 0 0 0 0 0 0 0 4.89746e-034 0 0 0 0 0 0 0 0 1.73352e-005 0 0 0 0 8.70268e-005 0 0 0.999896 
0 0 0 0 4.89424e-028 0 0 0 0 0 0 0 0 0 6.04093e-005 0 0 0 0 0 0 0 0 8.67792e-202 0 0 0 0 0.999786 0 0 0.000153272 
0 0 0.0967671 0.0967671 0.193534 0 0 0 0 0 0 0 0 0 0.51608 0 0 0 0.0967671 0 0 0 0 0 0 0 0 0 8.49429e-005 0 0 2.69448e-238 

 Iteration no: 3
 matrix b : 
0 0 0 0 0 0 0 0 0 0 0 0 0 0 0 0 0 0 0 0 0.110248 0 0 0.448759 0 0 0 0 0.440993 0 0 1.85114e-007 
0 0 0 0 0 0 0 0 0 0 0 0 0 0 0 0 0 0 0 0 0 0 0 0.841867 0 0 0 0 4.20734e-020 0 0 0.158133 
0 0 0 0 0 0 0 0 0 0 0 0 0 0 2.69141e-063 0 0 0 0 0 0 0 0 9.2161e-007 0 0 0 0 2.75944e-006 0 0 0.999996 
0 0 0 0 3.1772e-044 0 0 0 0 0 0 0 0 0 1.62549e-005 0 0 0 0 0 0 0 0 0 0 0 0 0 0.999962 0 0 2.18843e-005 
0 0 0.0967742 0.0967742 0.193548 0 0 0 0 0 0 0 0 0 0.516126 0 0 0 0.0967742 0 0 0 0 0 0 0 0 0 3.28933e-006 0 0 1.3186e-267 

 Iteration no: 4
 matrix b : 
0 0 0 0 0 0 0 0 0 0 0 0 0 0 0 0 0 0 0 0 0.113303 0 0 0.433487 0 0 0 0 0.453211 0 0 1.11622e-009 
0 0 0 0 0 0 0 0 0 0 0 0 0 0 0 0 0 0 0 0 0 0 0 0.940893 0 0 0 0 9.55904e-024 0 0 0.0591075 
0 0 0 0 0 0 0 0 0 0 0 0 0 0 4.03037e-102 0 0 0 0 0 0 0 0 5.6323e-008 0 0 0 0 8.7241e-008 0 0 1 
0 0 0 0 1.08172e-062 0 0 0 0 0 0 0 0 0 4.37426e-006 0 0 0 0 0 0 0 0 0 0 0 0 0 0.999993 0 0 3.12437e-006 
0 0 0.0967743 0.0967743 0.193549 0 0 0 0 0 0 0 0 0 0.516129 0 0 0 0.0967743 0 0 0 0 0 0 0 0 0 1.27331e-007 0 0 0 

 Iteration no: 5
 matrix b : 
0 0 0 0 0 0 0 0 0 0 0 0 0 0 0 0 0 0 0 0 0.121702 0 0 0.391489 0 0 0 0 0.486808 0 0 1.60191e-012 
0 0 0 0 0 0 0 0 0 0 0 0 0 0 0 0 0 0 0 0 0 0 0 0.986091 0 0 0 0 7.60945e-026 0 0 0.0139089 
0 0 0 0 0 0 0 0 0 0 0 0 0 0 1.62035e-150 0 0 0 0 0 0 0 0 3.64895e-009 0 0 0 0 2.7547e-009 0 0 1 
0 0 0 0 1.93132e-083 0 0 0 0 0 0 0 0 0 1.17711e-006 0 0 0 0 0 0 0 0 0 0 0 0 0 0.999998 0 0 4.4602e-007 
0 0 0.0967742 0.0967742 0.193548 0 0 0 0 0 0 0 0 0 0.516129 0 0 0 0.0967742 0 0 0 0 0 0 0 0 0 4.92893e-009 0 0 0 

 Iteration no: 6
 matrix b : 
0 0 0 0 0 0 0 0 0 0 0 0 0 0 0 0 0 0 0 0 0.153421 0 0 0.232894 0 0 0 0 0.613685 0 0 1.26561e-016 
0 0 0 0 0 0 0 0 0 0 0 0 0 0 0 0 0 0 0 0 0 0 0 0.997993 0 0 0 0 7.048e-027 0 0 0.00200685 
0 0 0 0 0 0 0 0 0 0 0 0 0 0 1.73696e-208 0 0 0 0 0 0 0 0 1.9145e-010 0 0 0 0 8.69418e-011 0 0 1 
0 0 0 0 1.80819e-106 0 0 0 0 0 0 0 0 0 3.16758e-007 0 0 0 0 0 0 0 0 0 0 0 0 0 1 0 0 6.36692e-008 
0 0 0.0967742 0.0967742 0.193548 0 0 0 0 0 0 0 0 0 0.516129 0 0 0 0.0967742 0 0 0 0 0 0 0 0 0 1.90797e-010 0 0 0 

 Iteration no: 7
 matrix b : 
0 0 0 0 0 0 0 0 0 0 0 0 0 0 0 0 0 0 0 0 0.186052 0 0 0.0697412 0 0 0 0 0.744207 0 0 3.55632e-023 
0 0 0 0 0 0 0 0 0 0 0 0 0 0 0 0 0 0 0 0 0 0 0 0.999681 0 0 0 0 1.51495e-027 0 0 0.000318879 
0 0 0 0 0 0 0 0 0 0 0 0 0 0 4.95203e-276 0 0 0 0 0 0 0 0 7.03111e-012 0 0 0 0 2.74362e-012 0 0 1 
0 0 0 0 8.87712e-132 0 0 0 0 0 0 0 0 0 8.52386e-008 0 0 0 0 0 0 0 0 0 0 0 0 0 1 0 0 9.08863e-009 
0 0 0.0967742 0.0967742 0.193548 0 0 0 0 0 0 0 0 0 0.516129 0 0 0 0.0967742 0 0 0 0 0 0 0 0 0 7.3857e-012 0 0 0 

 Iteration no: 8
 matrix b : 
0 0 0 0 0 0 0 0 0 0 0 0 0 0 0 0 0 0 0 0 0.196924 0 0 0.0153776 0 0 0 0 0.787698 0 0 2.78507e-033 
0 0 0 0 0 0 0 0 0 0 0 0 0 0 0 0 0 0 0 0 0 0 0 0.999948 0 0 0 0 3.69429e-028 0 0 5.22059e-005 
0 0 0 0 0 0 0 0 0 0 0 0 0 0 0 0 0 0 0 0 0 0 0 2.35887e-013 0 0 0 0 8.65778e-014 0 0 1 
0 0 0 0 2.28527e-159 0 0 0 0 0 0 0 0 0 2.29375e-008 0 0 0 0 0 0 0 0 0 0 0 0 0 1 0 0 1.29738e-009 
0 0 0.0967742 0.0967742 0.193548 0 0 0 0 0 0 0 0 0 0.516129 0 0 0 0.0967742 0 0 0 0 0 0 0 0 0 2.85898e-013 0 0 0 

 Iteration no: 9
 matrix b : 
0 0 0 0 0 0 0 0 0 0 0 0 0 0 0 0 0 0 0 0 0.199372 0 0 0.00313868 0 0 0 0 0.797489 0 0 1.72526e-047 
0 0 0 0 0 0 0 0 0 0 0 0 0 0 0 0 0 0 0 0 0 0 0 0.999991 0 0 0 0 9.19173e-029 0 0 8.57834e-006 
0 0 0 0 0 0 0 0 0 0 0 0 0 0 0 0 0 0 0 0 0 0 0 7.78461e-015 0 0 0 0 2.73204e-015 0 0 1 
0 0 0 0 3.0849e-189 0 0 0 0 0 0 0 0 0 6.17241e-009 0 0 0 0 0 0 0 0 0 0 0 0 0 1 0 0 1.85196e-010 
0 0 0.0967742 0.0967742 0.193548 0 0 0 0 0 0 0 0 0 0.516129 0 0 0 0.0967742 0 0 0 0 0 0 0 0 0 1.1067e-014 0 0 0 

 Iteration no: 10
 matrix b : 
0 0 0 0 0 0 0 0 0 0 0 0 0 0 0 0 0 0 0 0 0.199874 0 0 0.000630314 0 0 0 0 0.799496 0 0 6.12055e-066 
0 0 0 0 0 0 0 0 0 0 0 0 0 0 0 0 0 0 0 0 0 0 0 0.999999 0 0 0 0 2.29576e-029 0 0 1.41045e-006 
0 0 0 0 0 0 0 0 0 0 0 0 0 0 0 0 0 0 0 0 0 0 0 2.56088e-016 0 0 0 0 8.6212e-017 0 0 1 
0 0 0 0 2.18364e-221 0 0 0 0 0 0 0 0 0 1.66098e-009 0 0 0 0 0 0 0 0 0 0 0 0 0 1 0 0 2.64362e-011 
0 0 0.0967742 0.0967742 0.193548 0 0 0 0 0 0 0 0 0 0.516129 0 0 0 0.0967742 0 0 0 0 0 0 0 0 0 4.28401e-016 0 0 0 

 Iteration no: 11
 matrix b : 
0 0 0 0 0 0 0 0 0 0 0 0 0 0 0 0 0 0 0 0 0.199975 0 0 0.000126166 0 0 0 0 0.799899 0 0 1.16225e-088 
0 0 0 0 0 0 0 0 0 0 0 0 0 0 0 0 0 0 0 0 0 0 0 1 0 0 0 0 5.7383e-030 0 0 2.31933e-007 
0 0 0 0 0 0 0 0 0 0 0 0 0 0 0 0 0 0 0 0 0 0 0 8.41912e-018 0 0 0 0 2.7205e-018 0 0 1 
0 0 0 0 8.1051e-256 0 0 0 0 0 0 0 0 0 4.46965e-010 0 0 0 0 0 0 0 0 0 0 0 0 0 1 0 0 3.77369e-012 
0 0 0.0967742 0.0967742 0.193548 0 0 0 0 0 0 0 0 0 0.516129 0 0 0 0.0967742 0 0 0 0 0 0 0 0 0 1.65833e-017 0 0 0 

 Iteration no: 12
 matrix b : 
0 0 0 0 0 0 0 0 0 0 0 0 0 0 0 0 0 0 0 0 0.199995 0 0 2.52374e-005 0 0 0 0 0.79998 0 0 1.16536e-115 
0 0 0 0 0 0 0 0 0 0 0 0 0 0 0 0 0 0 0 0 0 0 0 1 0 0 0 0 1.43452e-030 0 0 3.81399e-008 
0 0 0 0 0 0 0 0 0 0 0 0 0 0 0 0 0 0 0 0 0 0 0 2.76751e-019 0 0 0 0 8.58477e-020 0 0 1 
0 0 0 0 1.57751e-292 0 0 0 0 0 0 0 0 0 1.20277e-010 0 0 0 0 0 0 0 0 0 0 0 0 0 1 0 0 5.38682e-013 
0 0 0.0967742 0.0967742 0.193548 0 0 0 0 0 0 0 0 0 0.516129 0 0 0 0.0967742 0 0 0 0 0 0 0 0 0 6.41933e-019 0 0 0 

 Iteration no: 13
 matrix b : 
0 0 0 0 0 0 0 0 0 0 0 0 0 0 0 0 0 0 0 0 0.199999 0 0 5.04765e-006 0 0 0 0 0.799996 0 0 6.15299e-147 
0 0 0 0 0 0 0 0 0 0 0 0 0 0 0 0 0 0 0 0 0 0 0 1 0 0 0 0 3.58628e-031 0 0 6.27188e-009 
0 0 0 0 0 0 0 0 0 0 0 0 0 0 0 0 0 0 0 0 0 0 0 9.09706e-021 0 0 0 0 2.709e-021 0 0 1 
0 0 0 0 0 0 0 0 0 0 0 0 0 0 3.23662e-011 0 0 0 0 0 0 0 0 0 0 0 0 0 1 0 0 7.68952e-014 
0 0 0.0967742 0.0967742 0.193548 0 0 0 0 0 0 0 0 0 0.516129 0 0 0 0.0967742 0 0 0 0 0 0 0 0 0 2.4849e-020 0 0 0 

 Iteration no: 14
 matrix b : 
0 0 0 0 0 0 0 0 0 0 0 0 0 0 0 0 0 0 0 0 0.2 0 0 1.00954e-006 0 0 0 0 0.799999 0 0 1.70979e-182 
0 0 0 0 0 0 0 0 0 0 0 0 0 0 0 0 0 0 0 0 0 0 0 1 0 0 0 0 8.96568e-032 0 0 1.03138e-009 
0 0 0 0 0 0 0 0 0 0 0 0 0 0 0 0 0 0 0 0 0 0 0 2.99027e-022 0 0 0 0 8.54848e-023 0 0 1 
0 0 0 0 0 0 0 0 0 0 0 0 0 0 8.70966e-012 0 0 0 0 0 0 0 0 0 0 0 0 0 1 0 0 1.09766e-014 
0 0 0.0967742 0.0967742 0.193548 0 0 0 0 0 0 0 0 0 0.516129 0 0 0 0.0967742 0 0 0 0 0 0 0 0 0 9.61897e-022 0 0 0 

 Iteration no: 15
 matrix b : 
0 0 0 0 0 0 0 0 0 0 0 0 0 0 0 0 0 0 0 0 0.2 0 0 2.01908e-007 0 0 0 0 0.8 0 0 2.50022e-222 
0 0 0 0 0 0 0 0 0 0 0 0 0 0 0 0 0 0 0 0 0 0 0 1 0 0 0 0 2.24142e-032 0 0 1.69604e-010 
0 0 0 0 0 0 0 0 0 0 0 0 0 0 0 0 0 0 0 0 0 0 0 9.82924e-024 0 0 0 0 2.69755e-024 0 0 1 
0 0 0 0 0 0 0 0 0 0 0 0 0 0 2.34375e-012 0 0 0 0 0 0 0 0 0 0 0 0 0 1 0 0 1.56687e-015 
0 0 0.0967742 0.0967742 0.193548 0 0 0 0 0 0 0 0 0 0.516129 0 0 0 0.0967742 0 0 0 0 0 0 0 0 0 3.72347e-023 0 0 0 

 Iteration no: 16
 matrix b : 
0 0 0 0 0 0 0 0 0 0 0 0 0 0 0 0 0 0 0 0 0.2 0 0 4.03815e-008 0 0 0 0 0.8 0 0 1.92391e-266 
0 0 0 0 0 0 0 0 0 0 0 0 0 0 0 0 0 0 0 0 0 0 0 1 0 0 0 0 5.60355e-033 0 0 2.78904e-011 
0 0 0 0 0 0 0 0 0 0 0 0 0 0 0 0 0 0 0 0 0 0 0 3.23094e-025 0 0 0 0 8.51235e-026 0 0 1 
0 0 0 0 0 0 0 0 0 0 0 0 0 0 6.30695e-013 0 0 0 0 0 0 0 0 0 0 0 0 0 1 0 0 2.23666e-016 
0 0 0.0967742 0.0967742 0.193548 0 0 0 0 0 0 0 0 0 0.516129 0 0 0 0.0967742 0 0 0 0 0 0 0 0 0 1.44134e-024 0 0 0 

 Iteration no: 17
 matrix b : 
0 0 0 0 0 0 0 0 0 0 0 0 0 0 0 0 0 0 0 0 0.2 0 0 8.07631e-009 0 0 0 0 0.8 0 0 0 
0 0 0 0 0 0 0 0 0 0 0 0 0 0 0 0 0 0 0 0 0 0 0 1 0 0 0 0 1.40089e-033 0 0 4.58643e-012 
0 0 0 0 0 0 0 0 0 0 0 0 0 0 0 0 0 0 0 0 0 0 0 1.06203e-026 0 0 0 0 2.68615e-027 0 0 1 
0 0 0 0 0 0 0 0 0 0 0 0 0 0 1.69718e-013 0 0 0 0 0 0 0 0 0 0 0 0 0 1 0 0 3.19276e-017 
0 0 0.0967742 0.0967742 0.193548 0 0 0 0 0 0 0 0 0 0.516129 0 0 0 0.0967742 0 0 0 0 0 0 0 0 0 5.5794e-026 0 0 0 

 Iteration no: 18
 matrix b : 
0 0 0 0 0 0 0 0 0 0 0 0 0 0 0 0 0 0 0 0 0.2 0 0 1.61526e-009 0 0 0 0 0.8 0 0 0 
0 0 0 0 0 0 0 0 0 0 0 0 0 0 0 0 0 0 0 0 0 0 0 1 0 0 0 0 3.50222e-034 0 0 7.54212e-013 
0 0 0 0 0 0 0 0 0 0 0 0 0 0 0 0 0 0 0 0 0 0 0 3.49098e-028 0 0 0 0 8.47638e-029 0 0 1 
0 0 0 0 0 0 0 0 0 0 0 0 0 0 4.56707e-014 0 0 0 0 0 0 0 0 0 0 0 0 0 1 0 0 4.55757e-018 
0 0 0.0967742 0.0967742 0.193548 0 0 0 0 0 0 0 0 0 0.516129 0 0 0 0.0967742 0 0 0 0 0 0 0 0 0 2.15977e-027 0 0 0 

 Iteration no: 19
 matrix b : 
0 0 0 0 0 0 0 0 0 0 0 0 0 0 0 0 0 0 0 0 0.2 0 0 3.23052e-010 0 0 0 0 0.8 0 0 0 
0 0 0 0 0 0 0 0 0 0 0 0 0 0 0 0 0 0 0 0 0 0 0 1 0 0 0 0 8.75554e-035 0 0 1.24026e-013 
0 0 0 0 0 0 0 0 0 0 0 0 0 0 0 0 0 0 0 0 0 0 0 1.14751e-029 0 0 0 0 2.6748e-030 0 0 1 
0 0 0 0 0 0 0 0 0 0 0 0 0 0 1.22899e-014 0 0 0 0 0 0 0 0 0 0 0 0 0 1 0 0 6.50579e-019 
0 0 0.0967742 0.0967742 0.193548 0 0 0 0 0 0 0 0 0 0.516129 0 0 0 0.0967742 0 0 0 0 0 0 0 0 0 8.36039e-029 0 0 0 

 Iteration no: 20
 matrix b : 
0 0 0 0 0 0 0 0 0 0 0 0 0 0 0 0 0 0 0 0 0.2 0 0 6.46104e-011 0 0 0 0 0.8 0 0 0 
0 0 0 0 0 0 0 0 0 0 0 0 0 0 0 0 0 0 0 0 0 0 0 1 0 0 0 0 2.18889e-035 0 0 2.03954e-014 
0 0 0 0 0 0 0 0 0 0 0 0 0 0 0 0 0 0 0 0 0 0 0 3.77194e-031 0 0 0 0 8.44055e-032 0 0 1 
0 0 0 0 0 0 0 0 0 0 0 0 0 0 3.30717e-015 0 0 0 0 0 0 0 0 0 0 0 0 0 1 0 0 9.28681e-020 
0 0 0.0967742 0.0967742 0.193548 0 0 0 0 0 0 0 0 0 0.516129 0 0 0 0.0967742 0 0 0 0 0 0 0 0 0 3.23628e-030 0 0 0 

