Final Codebook 
2.43788 -1.09656 0.474122 0.158335 -0.147285 -0.339933 -0.420873 -0.167258 -0.142457 -0.0679279 0.101791 0.00548555 
2.09013 -0.667773 0.808952 0.977402 0.0765713 -0.0947895 0.18729 -0.0916042 -0.218 -0.0665491 -0.0567548 -0.118549 
0.0794468 0.0129131 0.0483924 0.0257061 0.0385303 0.0465914 0.0463163 0.029231 0.0221254 0.0161426 0.0120783 0.013423 
1.67864 -1.98718 0.375919 0.482543 0.432449 0.490208 0.0970557 -0.153423 -0.231358 -0.0663195 0.191198 0.0171361 
2.08229 0.149881 -0.09823 0.101618 -0.130427 -0.0872024 0.00960543 -0.0253409 -0.132502 -0.0492834 -0.0606904 -0.0883793 
1.90422 -0.643314 0.947701 0.718712 0.0375703 0.123879 -0.0223015 -0.157944 0.00443862 -0.119714 -0.154433 0.0272842 
2.28058 0.0863945 0.285899 0.546579 0.610008 -0.187572 0.136229 0.193128 0.02281 -0.0790969 -0.179823 0.0335502 
0.933585 -1.80316 0.245362 1.1337 0.406087 0.217337 0.232184 -0.159001 -0.0525277 0.254708 0.187863 -0.0722968 
2.11377 -0.590327 0.828044 0.180354 0.0443225 -0.0277641 -0.34159 -0.033557 0.0138238 -0.163271 0.0529071 0.062586 
1.99026 -0.700668 0.906741 0.827326 -0.0465549 0.146832 0.212799 -0.195826 -0.168711 0.046404 -0.0354116 -0.110971 
1.29119 -0.142221 0.238248 0.224853 0.229787 0.161756 0.346577 0.120189 0.0567996 0.0815627 0.00960528 0.00947194 
1.44913 -0.418116 0.0612572 0.596362 0.306167 0.394637 0.266396 -0.0954991 -0.185527 0.060881 0.0483838 -0.0320061 
2.60686 -0.525111 0.419921 0.454847 0.059126 -0.093617 0.0437481 -0.269864 -0.233021 -0.0420366 0.0127123 0.137703 
1.83645 -0.488875 0.800864 0.592605 0.109425 0.297362 0.132572 -0.151263 -0.0529361 -0.058045 -0.0832844 0.0216822 
2.30851 -1.21688 0.0715192 0.215414 0.620154 0.329671 0.298919 0.441413 -0.0443127 -0.0981531 0.0813507 0.0915321 
1.07395 -1.83998 0.504247 0.890399 0.416275 0.352705 0.0872589 -0.134152 0.0513554 0.17281 0.115403 0.013138 
