Final Codebook 
2.44238 -1.13903 0.515464 0.0935866 -0.150403 -0.305146 -0.390373 -0.195163 -0.221968 -0.049417 0.138832 -0.0395467 
2.17357 -0.664403 0.76081 1.00398 0.079432 -0.147931 0.231634 -0.0820453 -0.28326 -0.0838864 -0.0144 -0.120975 
0.0755101 -0.0239566 0.0503924 0.00688522 0.0453403 0.056648 0.067316 0.0278398 5.14814e-005 -0.00671746 -0.0385214 -0.0198908 
1.77555 -2.00248 0.358884 0.432081 0.361346 0.516303 0.141265 -0.15656 -0.241113 -0.11564 0.153378 0.0488895 
2.09007 0.0140099 -0.166932 0.107976 -0.0901912 0.00708265 0.0752225 -0.0406292 -0.158801 -0.0802432 -0.107989 -0.132463 
1.98668 -0.431836 0.971505 0.662859 0.000841625 0.106696 -0.0272087 -0.286121 -0.0941491 -0.0985807 -0.111365 0.0134167 
2.14265 -0.0807948 0.264235 0.54253 0.570972 -0.297238 0.254728 0.138201 -0.0536193 -0.128683 -0.21045 0.0904436 
0.921775 -1.78423 0.299125 1.0543 0.418938 0.290793 0.207829 -0.234109 -0.0225352 0.317946 0.173482 -0.116611 
2.36654 -0.913038 0.713681 0.30859 -0.0134693 -0.286238 -0.459502 -0.130805 -0.122905 -0.150993 0.0561396 -0.0263509 
2.33125 -0.537156 0.445943 0.699511 -0.0420008 0.0590947 0.129091 -0.259079 -0.193664 0.128668 0.051647 -0.135955 
2.24927 -0.761976 -0.0393442 0.195722 0.12402 -0.0114077 0.579569 0.114883 -0.0100006 0.0528707 -0.0614766 0.0202141 
1.37717 -0.297034 0.132359 0.603294 0.336034 0.347334 0.190856 -0.112228 -0.155883 0.0426875 -0.00212951 -0.0407965 
2.59373 -0.451641 0.365986 0.51288 0.0846183 -0.156789 0.101201 -0.254897 -0.280012 -0.0576069 0.0326684 0.10942 
1.82736 -0.611845 0.921694 0.680545 0.00172101 0.224776 0.138207 -0.165386 -0.0499742 -0.0634803 -0.107247 0.0138311 
2.26977 -1.25898 0.141768 0.145843 0.656055 0.340331 0.270332 0.471168 -0.0685938 -0.101779 0.0983079 0.0739993 
1.5345 -1.83377 0.323771 0.589994 0.457117 0.456222 0.101051 -0.216444 -0.179526 0.0431306 0.156958 -0.0063326 
2.46208 -1.09009 0.332306 0.174035 -0.188684 -0.382383 -0.439508 -0.138346 -0.0348749 -0.0618482 0.0724842 0.0818893 
2.00427 -0.679623 0.83227 0.953502 0.0704904 0.0277163 0.0639811 -0.118686 -0.0665123 -0.0342307 -0.165624 -0.110902 
0.0537969 0.0271855 0.0345508 0.0361333 0.0308375 0.0361159 0.0299667 0.0290576 0.0391581 0.0359336 0.0567576 0.0433451 
1.68014 -2.07802 0.43858 0.47232 0.483379 0.490164 0.0470889 -0.109336 -0.245726 -0.0819146 0.253851 -0.000657705 
2.04995 0.370266 0.0320468 0.088193 -0.184139 -0.226632 -0.0943504 0.00335586 -0.0797212 0.00361029 0.0175263 -0.00599664 
1.91048 -0.707648 0.931262 0.68697 0.11482 0.142957 -0.0755533 -0.111338 0.0564368 -0.161119 -0.163055 0.0624377 
2.39141 0.223891 0.304304 0.54989 0.641317 -0.0978846 0.0393822 0.237634 0.0847319 -0.038691 -0.154691 -0.0130971 
0.94631 -1.81578 0.225507 1.18234 0.394868 0.172096 0.243859 -0.102656 -0.0663449 0.20969 0.194156 -0.0370279 
1.93099 -0.537504 0.864038 0.0971777 0.048111 0.0531819 -0.2917 0.0137634 0.0651667 -0.151531 0.0583364 0.0978173 
1.90278 -0.798731 1.02908 0.896588 -0.0415177 0.136326 0.281089 -0.124428 -0.187728 0.014666 -0.0327093 -0.115553 
0.597457 0.406554 0.366962 0.290076 0.276464 0.222315 0.200564 0.134244 0.100276 0.0921484 0.0593093 0.00458643 
1.73964 -0.907607 -0.194511 0.569318 0.173647 0.603181 0.52508 -0.0510293 -0.28338 0.108254 0.212995 0.0146817 
2.61682 -0.6358 0.514328 0.356393 0.0230312 0.00367399 -0.0451705 -0.28454 -0.156144 -0.0290351 -0.0270921 0.182997 
1.49258 -0.521696 0.581728 0.149303 0.298782 0.357672 0.248915 0.0463511 0.0511273 0.0807677 0.00928487 0.0196045 
2.43962 -1.06581 -0.175082 0.461492 0.492131 0.291478 0.400669 0.334756 0.0419388 -0.0845306 0.0211538 0.153836 
1.02578 -1.86735 0.516114 0.922699 0.417854 0.329118 0.0817927 -0.112286 0.068094 0.163555 0.111397 0.0248138 
