 Iteration no: 1
q matrix

0.0181448 0.00585407 0.0018887 0.000609352 0.000196595 9.09043e-005 4.20336e-005 1.9436e-005 8.98709e-006 4.15557e-006 1.91424e-008 8.81782e-011 4.06187e-013 1.87108e-015 8.619e-018 3.97029e-020 1.82889e-022 8.42467e-025 3.88077e-027 1.78765e-029 8.23472e-032 3.79327e-034 1.74735e-036 8.04905e-039 3.70775e-041 1.70795e-043 7.86757e-046 3.62415e-048 1.66944e-050 7.69018e-053 3.54243e-055 1.6318e-057 7.51679e-060 3.46256e-062 1.59501e-064 7.34731e-067 3.38449e-069 1.55905e-071 7.18165e-074 3.30818e-076 1.52389e-078 7.01972e-081 3.23359e-083 1.48953e-085 6.86145e-088 3.16069e-090 1.45595e-092 4.69733e-093 1.5155e-093 4.88947e-094 1.57749e-094 5.08946e-095 1.64201e-095 3.53251e-098 7.59958e-101 1.63492e-103 3.51725e-106 0 0 0 0 0 0 0 0 0 0 0 0 0 0 0 0 0 0 0 0 0 0 0 0 0 0 0 
0 4.4415e-006 1.43296e-006 4.62317e-007 1.49157e-007 2.76e-007 1.27621e-007 5.90109e-008 2.72862e-008 1.2617e-008 9.974e-009 2.16516e-010 4.70014e-012 1.02031e-013 2.21489e-015 4.80809e-017 1.04374e-018 2.26576e-020 4.91852e-022 1.06772e-023 2.3178e-025 5.03149e-027 1.09224e-028 2.37104e-030 5.14706e-032 1.11733e-033 2.42549e-035 5.26527e-037 1.14299e-038 2.4812e-040 5.38621e-042 1.16924e-043 2.53819e-045 5.50992e-047 1.19609e-048 2.59649e-050 5.63647e-052 1.22357e-053 2.65612e-055 5.76592e-057 1.25167e-058 2.71713e-060 5.89836e-062 1.28042e-063 2.77954e-065 6.03383e-067 1.30983e-068 2.89983e-071 6.41993e-074 1.42131e-076 3.14664e-079 6.96636e-082 1.54228e-084 8.41296e-087 4.58916e-089 2.50333e-091 1.36553e-093 0 0 0 0 0 0 0 0 0 0 0 0 0 0 0 0 0 0 0 0 0 0 0 0 0 0 0 
0 0 3.61768e-009 1.16717e-009 3.76565e-010 1.81989e-010 3.36751e-010 1.55711e-010 7.19999e-011 3.32923e-011 7.20808e-010 5.69815e-010 3.91517e-010 2.6901e-010 1.84836e-010 1.27e-010 8.7261e-011 5.99566e-011 4.11959e-011 2.83056e-011 1.94486e-011 1.33631e-011 9.18171e-012 6.30871e-012 4.33469e-012 2.97835e-012 2.04641e-012 1.40608e-012 9.6611e-013 6.6381e-013 4.56101e-013 3.13385e-013 2.15326e-013 1.47949e-013 1.01655e-013 6.98469e-014 4.79915e-014 3.29748e-014 2.26568e-014 1.55674e-014 1.06963e-014 7.34938e-015 5.04973e-015 3.46965e-015 2.38398e-015 1.63802e-015 1.12548e-015 1.10253e-017 1.08004e-019 1.05802e-021 1.03645e-023 1.01531e-025 9.94608e-028 4.21144e-031 1.78324e-034 7.5507e-038 3.19717e-041 0 0 0 0 0 0 0 0 0 0 0 0 0 0 0 0 0 0 0 0 0 0 0 0 0 0 0 
0 0 0 4.84585e-011 1.56342e-011 8.9954e-014 4.34736e-014 8.04433e-014 3.71964e-014 1.71994e-014 1.94677e-014 4.21494e-013 3.33201e-013 2.28941e-013 1.57304e-013 1.08083e-013 7.42634e-014 5.10261e-014 3.50598e-014 2.40894e-014 1.65518e-014 1.13726e-014 7.81409e-015 5.36903e-015 3.68904e-015 2.53472e-015 1.7416e-015 1.19664e-015 8.22208e-016 5.64936e-016 3.88165e-016 2.66706e-016 1.83253e-016 1.25912e-016 8.65137e-017 5.94432e-017 4.08432e-017 2.80632e-017 1.92821e-017 1.32486e-017 9.10308e-018 6.25469e-018 4.29757e-018 2.95284e-018 2.02888e-018 1.39404e-018 9.57838e-019 1.50757e-017 1.62986e-018 1.76208e-019 1.90502e-020 2.05956e-021 2.22664e-022 9.4326e-026 3.99589e-029 1.69276e-032 7.17096e-036 2.50373e-038 1.06064e-041 3.70322e-044 1.29298e-046 4.51441e-049 1.91242e-052 8.10149e-056 3.43199e-059 1.19828e-061 0 0 0 0 0 0 0 0 0 0 0 0 0 0 0 0 0 0 
0 0 0 0 2.87226e-014 3.31518e-232 1.90745e-234 9.21845e-235 1.70578e-234 7.88739e-235 2.25685e-222 2.5545e-222 5.53073e-221 4.37217e-221 3.0041e-221 2.0641e-221 1.41824e-221 9.74464e-222 6.6955e-222 4.60045e-222 3.16095e-222 2.17187e-222 1.49229e-222 1.02534e-222 7.04509e-223 4.84065e-223 3.32599e-223 2.28527e-223 1.5702e-223 1.07888e-223 7.41293e-224 5.09339e-224 3.49965e-224 2.40459e-224 1.65218e-224 1.13521e-224 7.79997e-225 5.35933e-225 3.68237e-225 2.53014e-225 1.73845e-225 1.19448e-225 8.20723e-226 5.63915e-226 3.87464e-226 2.66225e-226 1.82922e-226 5.67735e-022 8.93574e-021 9.66062e-022 1.04443e-022 1.12916e-023 1.22076e-024 5.81055e-024 1.75255e-024 5.28596e-025 1.59432e-025 8.80005e-027 2.65423e-027 1.46503e-028 8.0864e-030 4.46338e-031 1.34622e-031 4.06041e-032 1.22468e-032 6.75976e-034 2.36133e-035 8.24863e-037 2.88142e-038 1.59043e-039 1.51022e-040 1.43405e-041 1.36172e-042 5.10492e-043 1.91377e-043 7.17449e-044 2.16394e-044 6.52676e-045 1.96857e-045 5.9375e-046 1.79084e-046 5.40145e-047 1.62916e-047 4.91379e-048 

 Iteration no: 2
q matrix

0.105299 0.0396812 0.0149536 0.00563517 0.00212358 0.000898943 0.000380536 0.000161086 6.81902e-005 2.88659e-005 9.58043e-009 3.17969e-012 1.05532e-015 3.50255e-019 1.16248e-022 3.8582e-026 1.28051e-029 4.24995e-033 1.41054e-036 4.68149e-040 1.55376e-043 5.15684e-047 1.71153e-050 5.68046e-054 1.88531e-057 6.25725e-061 2.07674e-064 6.8926e-068 2.28761e-071 7.59246e-075 2.5199e-078 8.36339e-082 2.77576e-085 9.2126e-089 3.05761e-092 1.0148e-095 3.36808e-099 1.11785e-102 3.71007e-106 1.23135e-109 4.08678e-113 1.35638e-116 4.50175e-120 1.49411e-123 4.95885e-127 1.64581e-130 5.46237e-134 2.05846e-134 7.75717e-135 2.92324e-135 1.10161e-135 4.15133e-136 1.5644e-136 3.45575e-223 7.63373e-310 0 0 0 0 0 0 0 0 0 0 0 0 0 0 0 0 0 0 0 0 0 0 0 0 0 0 0 0 0 
0 1.64334e-010 6.19284e-011 2.33373e-011 8.79453e-012 0.000105117 4.44977e-005 1.88365e-005 7.97378e-006 3.37542e-006 1.61068e-006 3.72563e-008 8.61767e-010 1.99333e-011 4.61073e-013 1.0665e-014 2.46689e-016 5.70612e-018 1.31987e-019 3.05296e-021 7.06174e-023 1.63343e-024 3.77826e-026 8.73941e-028 2.02149e-029 4.67587e-031 1.08157e-032 2.50175e-034 5.78673e-036 1.33852e-037 3.09609e-039 7.1615e-041 1.65651e-042 3.83164e-044 8.86288e-046 2.05005e-047 4.74193e-049 1.09685e-050 2.53709e-052 5.86848e-054 1.35743e-055 3.13983e-057 7.26267e-059 1.67991e-060 3.88577e-062 8.98809e-064 2.07901e-065 1.34502e-074 8.70162e-084 5.62952e-093 3.64202e-102 2.35621e-111 1.52435e-120 9.70281e-194 6.17604e-267 0 0 0 0 0 0 0 0 0 0 0 0 0 0 0 0 0 0 0 0 0 0 0 0 0 0 0 0 0 
0 0 4.25726e-013 1.60432e-013 6.04578e-014 3.49501e-015 4.17743e-008 1.76837e-008 7.48576e-009 3.16883e-009 3.21799e-006 3.12017e-006 3.02532e-006 2.93336e-006 2.84419e-006 2.75773e-006 2.6739e-006 2.59262e-006 2.5138e-006 2.43739e-006 2.36329e-006 2.29145e-006 2.2218e-006 2.15426e-006 2.08877e-006 2.02528e-006 1.96371e-006 1.90402e-006 1.84614e-006 1.79002e-006 1.7356e-006 1.68284e-006 1.63169e-006 1.58209e-006 1.53399e-006 1.48736e-006 1.44215e-006 1.39831e-006 1.3558e-006 1.31459e-006 1.27463e-006 1.23588e-006 1.19831e-006 1.16189e-006 1.12657e-006 1.09232e-006 1.05912e-006 2.79049e-009 7.3522e-012 1.93711e-014 5.10377e-017 1.34471e-019 3.54295e-022 8.73384e-036 2.15301e-049 5.30745e-063 1.30836e-076 0 0 0 0 0 0 0 0 0 0 0 0 0 0 0 0 0 0 0 0 0 0 0 0 0 0 0 
0 0 0 1.16325e-014 9.62842e-015 7.04113e-100 8.43715e-102 1.00846e-094 4.26895e-095 1.80711e-095 9.34162e-014 9.48654e-011 9.19816e-011 8.91855e-011 8.64744e-011 8.38457e-011 8.1297e-011 7.88256e-011 7.64295e-011 7.41061e-011 7.18534e-011 6.96692e-011 6.75513e-011 6.54979e-011 6.35069e-011 6.15763e-011 5.97045e-011 5.78896e-011 5.61298e-011 5.44236e-011 5.27692e-011 5.11651e-011 4.96097e-011 4.81017e-011 4.66395e-011 4.52217e-011 4.3847e-011 4.25141e-011 4.12218e-011 3.99687e-011 3.87537e-011 3.75756e-011 3.64334e-011 3.53259e-011 3.4252e-011 3.32108e-011 3.22013e-011 2.89392e-008 2.39535e-008 1.98267e-008 1.64109e-008 1.35836e-008 1.12434e-008 2.10186e-012 3.92925e-016 7.34541e-020 1.37316e-023 4.49357e-037 8.40036e-041 2.74895e-054 8.99574e-068 2.94378e-081 5.50316e-085 1.02877e-088 1.9232e-092 6.29353e-106 0 0 0 0 0 0 0 0 0 0 0 0 0 0 0 0 0 0 
0 0 0 0 4.33112e-018 0 0 0 0 0 8.32064e-314 4.30125e-232 4.36798e-229 4.2352e-229 4.10646e-229 3.98163e-229 3.86059e-229 3.74323e-229 3.62945e-229 3.51912e-229 3.41214e-229 3.30842e-229 3.20785e-229 3.11033e-229 3.01578e-229 2.92411e-229 2.83522e-229 2.74903e-229 2.66547e-229 2.58444e-229 2.50588e-229 2.4297e-229 2.35584e-229 2.28423e-229 2.21479e-229 2.14747e-229 2.08219e-229 2.01889e-229 1.95752e-229 1.89801e-229 1.84032e-229 1.78437e-229 1.73013e-229 1.67754e-229 1.62654e-229 1.5771e-229 1.52916e-229 1.19895e-014 1.07749e-011 8.91859e-012 7.38207e-012 6.11027e-012 5.05758e-012 9.91294e-010 5.10503e-010 2.62902e-010 1.35391e-010 2.61488e-011 1.34663e-011 2.60082e-012 5.0231e-013 9.7014e-014 4.99609e-014 2.57291e-014 1.32502e-014 2.55908e-015 2.47124e-016 2.38643e-017 2.30452e-018 4.45085e-019 4.29809e-020 4.15057e-021 4.00812e-022 3.87055e-023 3.73771e-024 3.60943e-025 1.8588e-025 9.57258e-026 4.92975e-026 2.53875e-026 1.30742e-026 6.73304e-027 3.46742e-027 1.78567e-027 

 Iteration no: 3
q matrix

0.107717 0.0414125 0.0159213 0.00612106 0.00235328 0.000968849 0.000398877 0.000164218 6.7609e-005 2.78347e-005 2.92048e-010 3.06423e-015 3.21506e-020 3.37331e-025 3.53935e-030 3.71356e-035 3.89635e-040 4.08813e-045 4.28936e-050 4.50049e-055 4.72201e-060 4.95443e-065 5.1983e-070 5.45416e-075 5.72263e-080 6.0043e-085 6.29984e-090 6.60993e-095 6.93528e-100 7.27665e-105 7.63482e-110 8.01062e-115 8.40491e-120 8.81861e-125 9.25268e-130 9.70811e-135 1.0186e-139 1.06873e-144 1.12134e-149 1.17653e-154 1.23444e-159 1.2952e-164 1.35896e-169 1.42585e-174 1.49603e-179 1.56966e-184 1.64693e-189 6.33172e-190 2.43427e-190 9.35871e-191 3.59802e-191 1.38328e-191 5.31811e-192 0 0 0 0 0 0 0 0 0 0 0 0 0 0 0 0 0 0 0 0 0 0 0 0 0 0 0 0 0 0 0 
0 6.85628e-017 2.63594e-017 1.01341e-017 3.8961e-018 0.000171341 7.05414e-005 2.9042e-005 1.19567e-005 4.92258e-006 9.71645e-007 1.75779e-008 3.17999e-010 5.75288e-012 1.04074e-013 1.8828e-015 3.40614e-017 6.162e-019 1.11476e-020 2.01669e-022 3.64837e-024 6.60021e-026 1.19404e-027 2.16011e-029 3.90783e-031 7.06959e-033 1.27895e-034 2.31373e-036 4.18574e-038 7.57236e-040 1.3699e-041 2.47827e-043 4.48341e-045 8.11087e-047 1.46733e-048 2.65452e-050 4.80225e-052 8.68769e-054 1.57168e-055 2.8433e-057 5.14377e-059 9.30552e-061 1.68345e-062 3.0455e-064 5.50957e-066 9.96729e-068 1.80317e-069 5.94811e-085 1.9621e-100 6.47239e-116 2.13505e-131 7.04288e-147 2.32324e-162 0 0 0 0 0 0 0 0 0 0 0 0 0 0 0 0 0 0 0 0 0 0 0 0 0 0 0 0 0 0 0 
0 0 5.63371e-021 2.16592e-021 8.32701e-022 6.37693e-023 2.80442e-009 1.15458e-009 4.75344e-010 1.957e-010 4.64729e-006 4.52005e-006 4.39629e-006 4.27592e-006 4.15885e-006 4.04498e-006 3.93423e-006 3.82652e-006 3.72175e-006 3.61985e-006 3.52074e-006 3.42434e-006 3.33059e-006 3.2394e-006 3.1507e-006 3.06444e-006 2.98054e-006 2.89893e-006 2.81956e-006 2.74236e-006 2.66728e-006 2.59425e-006 2.52322e-006 2.45413e-006 2.38694e-006 2.32159e-006 2.25802e-006 2.1962e-006 2.13607e-006 2.07758e-006 2.0207e-006 1.96538e-006 1.91156e-006 1.85923e-006 1.80832e-006 1.75881e-006 1.71066e-006 1.44812e-010 1.22587e-014 1.03774e-018 8.78476e-023 7.43655e-027 6.29526e-031 2.99898e-064 1.42867e-097 6.806e-131 3.24229e-164 0 0 0 0 0 0 0 0 0 0 0 0 0 0 0 0 0 0 0 0 0 0 0 0 0 0 0 
0 0 0 1.53644e-022 1.2799e-022 9.25429e-224 1.50952e-225 6.63851e-212 2.73309e-212 1.12522e-212 8.18213e-016 1.94301e-011 1.88981e-011 1.83807e-011 1.78775e-011 1.7388e-011 1.69119e-011 1.64489e-011 1.59985e-011 1.55605e-011 1.51344e-011 1.47201e-011 1.4317e-011 1.3925e-011 1.35438e-011 1.3173e-011 1.28123e-011 1.24615e-011 1.21203e-011 1.17885e-011 1.14657e-011 1.11518e-011 1.08464e-011 1.05495e-011 1.02606e-011 9.9797e-012 9.70646e-012 9.4407e-012 9.18222e-012 8.93082e-012 8.6863e-012 8.44847e-012 8.21715e-012 7.99217e-012 7.77335e-012 7.56052e-012 7.35352e-012 4.66533e-008 3.88636e-008 3.23745e-008 2.69689e-008 2.24659e-008 1.87147e-008 9.41976e-013 4.74129e-017 2.38646e-021 1.20119e-025 4.89834e-053 2.46551e-057 1.00541e-084 4.09999e-112 1.67194e-139 8.41547e-144 4.2358e-148 2.13203e-152 8.69422e-180 0 0 0 0 0 0 0 0 0 0 0 0 0 0 0 0 0 0 
0 0 0 0 2.1768e-027 0 0 0 0 0 0 3.67721e-254 8.73228e-250 8.4932e-250 8.26066e-250 8.03448e-250 7.8145e-250 7.60055e-250 7.39245e-250 7.19004e-250 6.99318e-250 6.80171e-250 6.61549e-250 6.43436e-250 6.25819e-250 6.08684e-250 5.92019e-250 5.7581e-250 5.60044e-250 5.4471e-250 5.29796e-250 5.15291e-250 5.01182e-250 4.8746e-250 4.74114e-250 4.61133e-250 4.48507e-250 4.36227e-250 4.24284e-250 4.12667e-250 4.01368e-250 3.90379e-250 3.79691e-250 3.69295e-250 3.59184e-250 3.4935e-250 3.39785e-250 1.04184e-016 6.60978e-013 5.50614e-013 4.58678e-013 3.82092e-013 3.18294e-013 1.61093e-009 8.31369e-010 4.29053e-010 2.21425e-010 4.28534e-011 2.21157e-011 4.28015e-012 8.28356e-013 1.60315e-013 8.27354e-014 4.26981e-014 2.20356e-014 4.26464e-015 4.12677e-016 3.99336e-017 3.86425e-018 7.47865e-019 7.23688e-020 7.00292e-021 6.77652e-022 6.55744e-023 6.34545e-024 6.1403e-025 3.16889e-025 1.6354e-025 8.43995e-026 4.35569e-026 2.24788e-026 1.16008e-026 5.98696e-027 3.08975e-027 

 Iteration no: 4
q matrix

0.110248 0.0432585 0.0169735 0.00665997 0.0026132 0.00104341 0.000416617 0.000166348 6.64203e-005 2.65206e-005 4.36807e-012 7.19444e-019 1.18496e-025 1.95169e-032 3.21454e-039 5.29451e-046 8.72033e-053 1.43628e-059 2.36563e-066 3.89632e-073 6.41743e-080 1.05698e-086 1.74091e-093 2.86736e-100 4.7227e-107 7.77852e-114 1.28116e-120 2.11014e-127 3.47551e-134 5.72435e-141 9.42829e-148 1.55289e-154 2.55769e-161 4.21264e-168 6.93844e-175 1.1428e-181 1.88224e-188 3.10015e-195 5.10611e-202 8.41003e-209 1.38517e-215 2.28145e-222 3.75767e-229 6.18908e-236 1.01937e-242 1.67896e-249 2.76533e-256 1.08505e-256 4.25744e-257 1.67051e-257 6.55464e-258 2.57187e-258 1.00913e-258 0 0 0 0 0 0 0 0 0 0 0 0 0 0 0 0 0 0 0 0 0 0 0 0 0 0 0 0 0 0 0 
0 5.11387e-022 2.00655e-022 7.87319e-023 3.08923e-023 0.000242542 9.68432e-005 3.8668e-005 1.54395e-005 6.16475e-006 4.62357e-007 6.89476e-009 1.02816e-010 1.53321e-012 2.28636e-014 3.40946e-016 5.08425e-018 7.58174e-020 1.1306e-021 1.68598e-023 2.51417e-025 3.74917e-027 5.59084e-029 8.33718e-031 1.24326e-032 1.85397e-034 2.76467e-036 4.12274e-038 6.14791e-040 9.16788e-042 1.36713e-043 2.03869e-045 3.04014e-047 4.53352e-049 6.76048e-051 1.00814e-052 1.50335e-054 2.24183e-056 3.34306e-058 4.98523e-060 7.43408e-062 1.10858e-063 1.65314e-065 2.4652e-067 3.67616e-069 5.48196e-071 8.1748e-073 3.24342e-093 1.28685e-113 5.10569e-134 2.02572e-154 8.03721e-175 3.18883e-195 0 0 0 0 0 0 0 0 0 0 0 0 0 0 0 0 0 0 0 0 0 0 0 0 0 0 0 0 0 0 0 
0 0 1.27807e-027 5.01482e-028 1.96768e-028 2.57859e-029 2.0245e-010 8.08351e-011 3.22762e-011 1.28874e-011 5.58338e-006 5.43174e-006 5.28423e-006 5.14071e-006 5.0011e-006 4.86527e-006 4.73314e-006 4.60459e-006 4.47954e-006 4.35788e-006 4.23952e-006 4.12438e-006 4.01237e-006 3.9034e-006 3.79739e-006 3.69426e-006 3.59393e-006 3.49632e-006 3.40136e-006 3.30899e-006 3.21912e-006 3.13169e-006 3.04664e-006 2.9639e-006 2.8834e-006 2.80509e-006 2.72891e-006 2.65479e-006 2.58269e-006 2.51255e-006 2.44431e-006 2.37793e-006 2.31335e-006 2.25052e-006 2.1894e-006 2.12994e-006 2.07209e-006 5.56254e-012 1.49327e-017 4.0087e-023 1.07614e-028 2.8889e-034 7.75528e-040 2.03059e-102 5.31674e-165 1.3921e-227 3.64496e-290 0 0 0 0 0 0 0 0 0 0 0 0 0 0 0 0 0 0 0 0 0 0 0 0 0 0 0 
0 0 0 3.47049e-029 2.89197e-029 0 0 0 0 0 7.6586e-018 3.31805e-012 3.22793e-012 3.14027e-012 3.05498e-012 2.97201e-012 2.89129e-012 2.81277e-012 2.73638e-012 2.66206e-012 2.58976e-012 2.51943e-012 2.45101e-012 2.38444e-012 2.31968e-012 2.25668e-012 2.19539e-012 2.13577e-012 2.07776e-012 2.02133e-012 1.96644e-012 1.91303e-012 1.86108e-012 1.81053e-012 1.76136e-012 1.71352e-012 1.66699e-012 1.62171e-012 1.57767e-012 1.53482e-012 1.49314e-012 1.45259e-012 1.41314e-012 1.37476e-012 1.33742e-012 1.3011e-012 1.26576e-012 5.62658e-008 4.68864e-008 3.90706e-008 3.25576e-008 2.71303e-008 2.26077e-008 3.0624e-013 4.14826e-018 5.61915e-023 7.61158e-028 2.01529e-071 2.72988e-076 7.22781e-120 1.91368e-163 5.0668e-207 6.86338e-212 9.297e-217 1.25935e-221 3.33435e-265 0 0 0 0 0 0 0 0 0 0 0 0 0 0 0 0 0 0 
0 0 0 0 1.90259e-035 0 0 0 0 0 0 1.6831e-285 7.29194e-280 7.0939e-280 6.90124e-280 6.71381e-280 6.53147e-280 6.35409e-280 6.18152e-280 6.01363e-280 5.85031e-280 5.69142e-280 5.53685e-280 5.38648e-280 5.24019e-280 5.09787e-280 4.95942e-280 4.82473e-280 4.69369e-280 4.56622e-280 4.44221e-280 4.32156e-280 4.20419e-280 4.09001e-280 3.97893e-280 3.87087e-280 3.76574e-280 3.66347e-280 3.56397e-280 3.46718e-280 3.37302e-280 3.28141e-280 3.19229e-280 3.10559e-280 3.02125e-280 2.9392e-280 2.85937e-280 6.93914e-019 3.0846e-014 2.5704e-014 2.14192e-014 1.78487e-014 1.48734e-014 1.94473e-009 1.00373e-009 5.18049e-010 2.67379e-010 5.17507e-011 2.67099e-011 5.16965e-012 1.00058e-012 1.9366e-013 9.9953e-014 5.15883e-014 2.66261e-014 5.15343e-015 4.98719e-016 4.82631e-017 4.67062e-018 9.03991e-019 8.7483e-020 8.4661e-021 8.193e-022 7.92871e-023 7.67294e-024 7.42542e-025 3.83245e-025 1.97803e-025 1.02091e-025 5.26919e-026 2.71956e-026 1.40364e-026 7.24453e-027 3.73909e-027 

 Iteration no: 5
q matrix

0.113303 0.0455319 0.0182975 0.00735303 0.00295489 0.00113578 0.00043656 0.000167801 6.44981e-005 2.47912e-005 2.4537e-014 2.42854e-023 2.40364e-032 2.37899e-041 2.3546e-050 2.33046e-059 2.30656e-068 2.28291e-077 2.2595e-086 2.23633e-095 2.2134e-104 2.1907e-113 2.16824e-122 2.14601e-131 2.124e-140 2.10222e-149 2.08066e-158 2.05933e-167 2.03821e-176 2.01731e-185 1.99663e-194 1.97615e-203 1.95589e-212 1.93584e-221 1.91599e-230 1.89634e-239 1.87689e-248 1.85765e-257 1.8386e-266 1.81975e-275 1.80109e-284 1.78262e-293 1.76434e-302 1.74625e-311 1.72824e-320 0 0 0 0 0 0 0 0 0 0 0 0 0 0 0 0 0 0 0 0 0 0 0 0 0 0 0 0 0 0 0 0 0 0 0 0 0 0 0 
0 1.22714e-025 4.9314e-026 1.98173e-026 7.96381e-027 0.000315008 0.00012108 4.65398e-005 1.78886e-005 6.87586e-006 1.66028e-007 1.94908e-009 2.28811e-011 2.68612e-013 3.15336e-015 3.70187e-017 4.3458e-019 5.10173e-021 5.98915e-023 7.03094e-025 8.25395e-027 9.68969e-029 1.13752e-030 1.33538e-032 1.56767e-034 1.84036e-036 2.16048e-038 2.53629e-040 2.97747e-042 3.49538e-044 4.10339e-046 4.81716e-048 5.65509e-050 6.63877e-052 7.79355e-054 9.14921e-056 1.07407e-057 1.2609e-059 1.48023e-061 1.73771e-063 2.03997e-065 2.39482e-067 2.81139e-069 3.30042e-071 3.87451e-073 4.54847e-075 5.33965e-077 1.01376e-100 1.92466e-124 3.65404e-148 6.93735e-172 1.31708e-195 2.50054e-219 0 0 0 0 0 0 0 0 0 0 0 0 0 0 0 0 0 0 0 0 0 0 0 0 0 0 0 0 0 0 0 
0 0 8.57942e-033 3.44773e-033 1.38551e-033 3.59459e-034 1.42184e-011 5.46514e-012 2.10065e-012 8.07429e-013 5.51023e-006 5.36101e-006 5.21582e-006 5.07457e-006 4.93715e-006 4.80344e-006 4.67336e-006 4.5468e-006 4.42367e-006 4.30387e-006 4.18732e-006 4.07392e-006 3.96359e-006 3.85625e-006 3.75182e-006 3.65022e-006 3.55137e-006 3.45519e-006 3.36162e-006 3.27058e-006 3.18201e-006 3.09584e-006 3.012e-006 2.93043e-006 2.85107e-006 2.77386e-006 2.69874e-006 2.62566e-006 2.55455e-006 2.48537e-006 2.41807e-006 2.35258e-006 2.28887e-006 2.22689e-006 2.16658e-006 2.10791e-006 2.05082e-006 1.7407e-013 1.47748e-020 1.25406e-027 1.06443e-034 9.03471e-042 7.66851e-049 3.00699e-150 1.17911e-251 0 0 0 0 0 0 0 0 0 0 0 0 0 0 0 0 0 0 0 0 0 0 0 0 0 0 0 0 0 
0 0 0 2.32338e-034 1.93613e-034 0 0 0 0 0 6.83175e-020 4.66227e-013 4.53601e-013 4.41317e-013 4.29365e-013 4.17738e-013 4.06425e-013 3.95418e-013 3.8471e-013 3.74292e-013 3.64155e-013 3.54294e-013 3.44699e-013 3.35364e-013 3.26282e-013 3.17446e-013 3.08849e-013 3.00485e-013 2.92348e-013 2.84431e-013 2.76728e-013 2.69234e-013 2.61943e-013 2.54849e-013 2.47947e-013 2.41233e-013 2.347e-013 2.28344e-013 2.2216e-013 2.16144e-013 2.1029e-013 2.04595e-013 1.99055e-013 1.93664e-013 1.88419e-013 1.83317e-013 1.78352e-013 5.55379e-008 4.62813e-008 3.85675e-008 3.21394e-008 2.67827e-008 2.23187e-008 8.13567e-014 2.96563e-019 1.08104e-024 3.94062e-030 3.55221e-092 1.29486e-097 1.16723e-159 1.05218e-221 9.48465e-284 3.45736e-289 1.26028e-294 4.59402e-300 0 0 0 0 0 0 0 0 0 0 0 0 0 0 0 0 0 0 0 
0 0 0 0 4.93059e-042 0 0 0 0 0 0 0 0 0 0 0 0 0 0 0 0 0 0 0 0 0 0 0 0 0 0 0 0 0 0 0 0 0 0 0 0 0 0 0 0 0 0 3.78493e-021 1.17861e-015 9.82167e-016 8.18467e-016 6.82052e-016 5.68373e-016 1.91988e-009 9.90904e-010 5.11434e-010 2.63966e-010 5.10902e-011 2.63691e-011 5.1037e-012 9.87813e-013 1.9119e-013 9.86785e-014 5.09308e-014 2.62868e-014 5.08778e-015 4.92366e-016 4.76484e-017 4.61114e-018 8.92478e-019 8.63689e-020 8.35829e-021 8.08867e-022 7.82775e-023 7.57525e-024 7.33089e-025 3.78368e-025 1.95287e-025 1.00793e-025 5.20222e-026 2.68501e-026 1.38581e-026 7.15257e-027 3.69165e-027 

 Iteration no: 6
q matrix

0.121702 0.0520353 0.0222484 0.00951257 0.00406722 0.00139849 0.000480863 0.000165342 5.6852e-005 1.95482e-005 2.75035e-017 3.86963e-029 5.44441e-041 7.66006e-053 1.07774e-064 1.51633e-076 2.13342e-088 3.00163e-100 4.22317e-112 5.94182e-124 8.3599e-136 1.1762e-147 1.65487e-159 2.32833e-171 3.27586e-183 4.609e-195 6.48468e-207 9.12367e-219 1.28366e-230 1.80606e-242 2.54105e-254 3.57515e-266 5.03009e-278 7.07713e-290 9.95722e-302 1.40094e-313 0 0 0 0 0 0 0 0 0 0 0 0 0 0 0 0 0 0 0 0 0 0 0 0 0 0 0 0 0 0 0 0 0 0 0 0 0 0 0 0 0 0 0 0 0 0 0 0 
0 1.12707e-027 4.81892e-028 2.06039e-028 8.80946e-029 0.000488105 0.000215155 9.484e-005 4.18053e-005 1.84277e-005 1.14574e-007 7.12361e-010 4.4291e-012 2.75379e-014 1.71216e-016 1.06453e-018 6.61873e-021 4.11519e-023 2.55861e-025 1.59082e-027 9.89087e-030 6.14964e-032 3.82353e-034 2.37728e-036 1.47807e-038 9.18987e-041 5.71379e-043 3.55254e-045 2.20879e-047 1.37331e-049 8.53855e-052 5.30883e-054 3.30076e-056 2.05224e-058 1.27598e-060 7.93339e-063 4.93258e-065 3.06682e-067 1.90679e-069 1.18555e-071 7.37112e-074 4.58299e-076 2.84947e-078 1.77165e-080 1.10152e-082 6.8487e-085 4.25817e-087 1.44844e-112 4.92691e-138 1.67591e-163 5.70067e-189 1.93911e-214 6.59595e-240 0 0 0 0 0 0 0 0 0 0 0 0 0 0 0 0 0 0 0 0 0 0 0 0 0 0 0 0 0 0 0 
0 0 1.71687e-036 7.34068e-037 3.1386e-037 1.77759e-037 9.84905e-013 4.34144e-013 1.9137e-013 8.43553e-014 1.01902e-005 9.91462e-006 9.64647e-006 9.38558e-006 9.13174e-006 8.88477e-006 8.64448e-006 8.41069e-006 8.18322e-006 7.9619e-006 7.74656e-006 7.53706e-006 7.33321e-006 7.13488e-006 6.94192e-006 6.75417e-006 6.5715e-006 6.39377e-006 6.22085e-006 6.0526e-006 5.88891e-006 5.72964e-006 5.57468e-006 5.42391e-006 5.27722e-006 5.13449e-006 4.99563e-006 4.86052e-006 4.72907e-006 4.60117e-006 4.47673e-006 4.35565e-006 4.23785e-006 4.12324e-006 4.01172e-006 3.90322e-006 3.79766e-006 1.01785e-014 2.72803e-023 7.31164e-032 1.95966e-040 5.25227e-049 1.40771e-057 2.2193e-207 0 0 0 0 0 0 0 0 0 0 0 0 0 0 0 0 0 0 0 0 0 0 0 0 0 0 0 0 0 0 
0 0 0 4.64333e-038 3.86944e-038 0 0 0 0 0 1.01756e-021 1.22923e-013 1.19598e-013 1.16363e-013 1.13216e-013 1.10154e-013 1.07175e-013 1.04277e-013 1.01456e-013 9.87125e-014 9.60428e-014 9.34452e-014 9.0918e-014 8.84591e-014 8.60666e-014 8.37389e-014 8.14742e-014 7.92707e-014 7.71268e-014 7.50408e-014 7.30113e-014 7.10367e-014 6.91155e-014 6.72462e-014 6.54275e-014 6.3658e-014 6.19364e-014 6.02613e-014 5.86315e-014 5.70458e-014 5.55029e-014 5.40018e-014 5.25413e-014 5.11203e-014 4.97378e-014 4.83926e-014 4.70838e-014 1.02709e-007 8.55908e-008 7.13256e-008 5.94379e-008 4.95315e-008 4.12762e-008 4.04889e-014 3.97165e-020 3.8959e-026 3.82158e-032 6.15059e-115 6.03327e-121 9.71017e-204 1.56279e-286 0 0 0 0 0 0 0 0 0 0 0 0 0 0 0 0 0 0 0 0 0 0 0 
0 0 0 0 3.81444e-047 0 0 0 0 0 0 0 0 0 0 0 0 0 0 0 0 0 0 0 0 0 0 0 0 0 0 0 0 0 0 0 0 0 0 0 0 0 0 0 0 0 0 3.86787e-023 8.43742e-017 7.03118e-017 5.85931e-017 4.88275e-017 4.06895e-017 3.55063e-009 1.83259e-009 9.4585e-010 4.88181e-010 9.44866e-011 4.87673e-011 9.43883e-012 1.82687e-012 3.53588e-013 1.82497e-013 9.41919e-014 4.86152e-014 9.40939e-015 9.10587e-016 8.81213e-017 8.52787e-018 1.65056e-018 1.59731e-019 1.54579e-020 1.49592e-021 1.44767e-022 1.40097e-023 1.35578e-024 6.99756e-025 3.61164e-025 1.86407e-025 9.62102e-026 4.96568e-026 2.56293e-026 1.3228e-026 6.82737e-027 

 Iteration no: 7
q matrix

0.153421 0.0797073 0.0414105 0.0215141 0.0111773 0.00220375 0.000434498 8.56671e-005 1.68904e-005 3.33017e-006 3.56807e-022 3.82297e-038 4.09607e-054 4.38868e-070 4.7022e-086 5.03812e-102 5.39803e-118 5.78365e-134 6.19682e-150 6.63951e-166 7.11382e-182 7.62201e-198 8.16651e-214 8.74991e-230 9.37498e-246 1.00447e-261 1.07623e-277 1.15311e-293 1.23549e-309 0 0 0 0 0 0 0 0 0 0 0 0 0 0 0 0 0 0 0 0 0 0 0 0 0 0 0 0 0 0 0 0 0 0 0 0 0 0 0 0 0 0 0 0 0 0 0 0 0 0 0 0 0 0 0 
0 1.65896e-028 8.61884e-029 4.47777e-029 2.32634e-029 0.00171139 0.00121843 0.000867463 0.000617593 0.000439697 6.29494e-007 9.01216e-010 1.29023e-012 1.84716e-015 2.64449e-018 3.78599e-021 5.42023e-024 7.75988e-027 1.11095e-029 1.59049e-032 2.27703e-035 3.25991e-038 4.66706e-041 6.68161e-044 9.56575e-047 1.36948e-049 1.96062e-052 2.80693e-055 4.01855e-058 5.75317e-061 8.23654e-064 1.17919e-066 1.68819e-069 2.4169e-072 3.46016e-075 4.95374e-078 7.09204e-081 1.01533e-083 1.45361e-086 2.08106e-089 2.97935e-092 4.2654e-095 6.10657e-098 8.74248e-101 1.25162e-103 1.79189e-106 2.56536e-109 1.28984e-135 6.48525e-162 3.26074e-188 1.63948e-214 8.24317e-241 4.14461e-267 0 0 0 0 0 0 0 0 0 0 0 0 0 0 0 0 0 0 0 0 0 0 0 0 0 0 0 0 0 0 0 
0 0 4.13394e-039 2.14772e-039 1.11581e-039 1.27652e-039 9.39083e-014 6.68583e-014 4.75999e-014 3.38889e-014 0.000126024 0.000122617 0.000119303 0.000116078 0.00011294 0.000109887 0.000106916 0.000104026 0.000101214 9.84781e-005 9.5816e-005 9.32259e-005 9.07058e-005 8.82539e-005 8.58682e-005 8.3547e-005 8.12885e-005 7.90911e-005 7.69531e-005 7.48729e-005 7.28489e-005 7.08797e-005 6.89636e-005 6.70994e-005 6.52856e-005 6.35208e-005 6.18037e-005 6.0133e-005 5.85074e-005 5.69259e-005 5.5387e-005 5.38898e-005 5.2433e-005 5.10157e-005 4.96366e-005 4.82948e-005 4.69893e-005 3.9749e-015 3.36243e-025 2.84433e-035 2.40606e-045 2.03532e-055 1.72171e-065 2.90971e-273 0 0 0 0 0 0 0 0 0 0 0 0 0 0 0 0 0 0 0 0 0 0 0 0 0 0 0 0 0 0 
0 0 0 1.11749e-040 9.31243e-041 0 0 0 0 0 5.83267e-023 2.16902e-013 2.11039e-013 2.05334e-013 1.99783e-013 1.94383e-013 1.89128e-013 1.84015e-013 1.79041e-013 1.74201e-013 1.69492e-013 1.6491e-013 1.60453e-013 1.56115e-013 1.51895e-013 1.47789e-013 1.43794e-013 1.39907e-013 1.36125e-013 1.32445e-013 1.28865e-013 1.25381e-013 1.21992e-013 1.18694e-013 1.15486e-013 1.12364e-013 1.09327e-013 1.06371e-013 1.03496e-013 1.00698e-013 9.7976e-014 9.53275e-014 9.27506e-014 9.02433e-014 8.78038e-014 8.54303e-014 8.3121e-014 1.27022e-006 1.05852e-006 8.82098e-007 7.35081e-007 6.12567e-007 5.10473e-007 1.34747e-013 3.55684e-020 9.3888e-027 2.47831e-033 3.73438e-139 9.85744e-146 1.48534e-251 0 0 0 0 0 0 0 0 0 0 0 0 0 0 0 0 0 0 0 0 0 0 0 0 
0 0 0 0 3.55357e-051 0 0 0 0 0 0 0 0 0 0 0 0 0 0 0 0 0 0 0 0 0 0 0 0 0 0 0 0 0 0 0 0 0 0 0 0 0 0 0 0 0 0 2.64321e-024 4.03925e-017 3.36604e-017 2.80503e-017 2.33752e-017 1.94794e-017 4.39116e-008 2.26641e-008 1.16976e-008 6.03746e-009 1.16854e-009 6.03118e-010 1.16732e-010 2.25934e-011 4.37291e-012 2.25699e-012 1.1649e-012 6.01237e-013 1.16368e-013 1.12615e-014 1.08982e-015 1.05466e-016 2.04128e-017 1.97544e-018 1.91171e-019 1.85004e-020 1.79037e-021 1.73261e-022 1.67672e-023 8.65405e-024 4.4666e-024 2.30534e-024 1.18985e-024 6.14119e-025 3.16964e-025 1.63595e-025 8.44359e-026 

 Iteration no: 8
q matrix

0.186052 0.1127 0.0682676 0.0413528 0.0250493 0.00142194 8.07177e-005 4.582e-006 2.60101e-007 1.47648e-008 4.27392e-031 1.23716e-053 3.58115e-076 1.03662e-098 3.00067e-121 8.68595e-144 2.51429e-166 7.27803e-189 2.10674e-211 6.09832e-234 1.76526e-256 5.10983e-279 1.47912e-301 4.94066e-324 0 0 0 0 0 0 0 0 0 0 0 0 0 0 0 0 0 0 0 0 0 0 0 0 0 0 0 0 0 0 0 0 0 0 0 0 0 0 0 0 0 0 0 0 0 0 0 0 0 0 0 0 0 0 0 0 0 0 0 0 
0 5.24403e-029 3.17655e-029 1.92418e-029 1.16557e-029 0.00465898 0.00365083 0.00286082 0.00224177 0.00175667 4.39091e-007 1.09754e-010 2.74336e-014 6.85719e-018 1.714e-021 4.28424e-025 1.07087e-028 2.67671e-032 6.69061e-036 1.67236e-039 4.18017e-043 1.04486e-046 2.61169e-050 6.52808e-054 1.63173e-057 4.07862e-061 1.01948e-064 2.54824e-068 6.36949e-072 1.59209e-075 3.97954e-079 9.9471e-083 2.48634e-086 6.21476e-090 1.55342e-093 3.88286e-097 9.70545e-101 2.42594e-104 6.06378e-108 1.51568e-111 3.78853e-115 9.46968e-119 2.367e-122 5.91647e-126 1.47886e-129 3.6965e-133 9.23963e-137 1.09721e-163 1.30295e-190 1.54726e-217 1.83738e-244 2.18191e-271 2.59103e-298 0 0 0 0 0 0 0 0 0 0 0 0 0 0 0 0 0 0 0 0 0 0 0 0 0 0 0 0 0 0 0 
0 0 3.10975e-041 1.88372e-041 1.14105e-041 1.77132e-041 7.08029e-015 5.54818e-015 4.34761e-015 3.40683e-015 0.000379688 0.000369425 0.00035944 0.000349725 0.000340273 0.000331076 0.000322128 0.000313421 0.00030495 0.000296708 0.000288688 0.000280886 0.000273294 0.000265907 0.00025872 0.000251728 0.000244924 0.000238304 0.000231863 0.000225596 0.000219499 0.000213566 0.000207794 0.000202178 0.000196713 0.000191396 0.000186223 0.00018119 0.000176293 0.000171528 0.000166892 0.000162381 0.000157992 0.000153722 0.000149567 0.000145525 0.000141591 3.77973e-016 1.00899e-027 2.69345e-039 7.19008e-051 1.91937e-062 5.12368e-074 0 0 0 0 0 0 0 0 0 0 0 0 0 0 0 0 0 0 0 0 0 0 0 0 0 0 0 0 0 0 0 
0 0 0 8.40505e-043 7.00421e-043 0 0 0 0 0 8.36883e-025 9.32697e-014 9.07488e-014 8.8296e-014 8.59095e-014 8.35876e-014 8.13283e-014 7.91302e-014 7.69915e-014 7.49105e-014 7.28858e-014 7.09159e-014 6.89991e-014 6.71342e-014 6.53197e-014 6.35542e-014 6.18365e-014 6.01652e-014 5.8539e-014 5.69568e-014 5.54174e-014 5.39196e-014 5.24622e-014 5.10443e-014 4.96646e-014 4.83223e-014 4.70162e-014 4.57455e-014 4.45091e-014 4.33061e-014 4.21356e-014 4.09967e-014 3.98887e-014 3.88106e-014 3.77616e-014 3.6741e-014 3.57479e-014 3.82695e-006 3.18912e-006 2.6576e-006 2.21467e-006 1.84556e-006 1.53796e-006 1.09245e-013 7.75991e-021 5.51204e-028 3.91532e-035 2.8964e-166 2.05738e-173 1.52196e-304 0 0 0 0 0 0 0 0 0 0 0 0 0 0 0 0 0 0 0 0 0 0 0 0 
0 0 0 0 1.03462e-054 0 0 0 0 0 0 0 0 0 0 0 0 0 0 0 0 0 0 0 0 0 0 0 0 0 0 0 0 0 0 0 0 0 0 0 0 0 0 0 0 0 0 4.40039e-026 4.71078e-018 3.92565e-018 3.27138e-018 2.72615e-018 2.27179e-018 1.32298e-007 6.82828e-008 3.52427e-008 1.81898e-008 3.52061e-009 1.81709e-009 3.51694e-010 6.80699e-011 1.31748e-011 6.7999e-012 3.50963e-012 1.81142e-012 3.50598e-013 3.39288e-014 3.28343e-015 3.17752e-016 6.15003e-017 5.95164e-018 5.75965e-019 5.57386e-020 5.39406e-021 5.22005e-022 5.05167e-023 2.60731e-023 1.34571e-023 6.94559e-024 3.58482e-024 1.85023e-024 9.54958e-025 4.92882e-025 2.5439e-025 

 Iteration no: 9
q matrix

0.196924 0.124571 0.078801 0.049848 0.0315329 0.000389412 4.80901e-006 5.93883e-008 7.3341e-010 9.05717e-012 2.02574e-044 4.53082e-077 1.01337e-109 2.26653e-142 5.06937e-175 1.13382e-207 2.53593e-240 5.67192e-273 1.26859e-305 0 0 0 0 0 0 0 0 0 0 0 0 0 0 0 0 0 0 0 0 0 0 0 0 0 0 0 0 0 0 0 0 0 0 0 0 0 0 0 0 0 0 0 0 0 0 0 0 0 0 0 0 0 0 0 0 0 0 0 0 0 0 0 0 0 
0 1.43262e-029 9.06248e-030 5.73275e-030 3.62643e-030 0.00620928 0.00494753 0.00394217 0.0031411 0.00250282 1.04116e-007 4.3312e-012 1.80176e-016 7.49526e-021 3.118e-025 1.29708e-029 5.39578e-034 2.24463e-038 9.33755e-043 3.88439e-047 1.61589e-051 6.72204e-056 2.79634e-060 1.16327e-064 4.83915e-069 2.01307e-073 8.37428e-078 3.48367e-082 1.44919e-086 6.02859e-091 2.50787e-095 1.04326e-099 4.33994e-104 1.8054e-108 7.51038e-113 3.12429e-117 1.29969e-121 5.40667e-126 2.24915e-130 9.35639e-135 3.89222e-139 1.61915e-143 6.7356e-148 2.80198e-152 1.16561e-156 4.84891e-161 2.01713e-165 5.93793e-193 1.74798e-220 5.14562e-248 1.51474e-275 4.45903e-303 0 0 0 0 0 0 0 0 0 0 0 0 0 0 0 0 0 0 0 0 0 0 0 0 0 0 0 0 0 0 0 0 
0 0 2.51989e-043 1.59403e-043 1.00835e-043 1.7379e-043 2.97569e-016 2.37102e-016 1.88922e-016 1.50532e-016 0.000508479 0.000494736 0.000481365 0.000468355 0.000455697 0.00044338 0.000431397 0.000419738 0.000408393 0.000397355 0.000386616 0.000376167 0.000366 0.000356108 0.000346484 0.000337119 0.000328008 0.000319143 0.000310517 0.000302125 0.000293959 0.000286014 0.000278284 0.000270763 0.000263445 0.000256325 0.000249397 0.000242656 0.000236098 0.000229717 0.000223508 0.000217468 0.00021159 0.000205871 0.000200307 0.000194893 0.000189626 1.59737e-017 1.34559e-030 1.1335e-043 9.54833e-057 8.04331e-070 6.77552e-083 0 0 0 0 0 0 0 0 0 0 0 0 0 0 0 0 0 0 0 0 0 0 0 0 0 0 0 0 0 0 0 
0 0 0 6.81056e-045 5.67546e-045 0 0 0 0 0 5.27832e-027 1.78295e-014 1.73476e-014 1.68788e-014 1.64226e-014 1.59787e-014 1.55469e-014 1.51267e-014 1.47179e-014 1.43201e-014 1.3933e-014 1.35565e-014 1.31901e-014 1.28336e-014 1.24867e-014 1.21493e-014 1.18209e-014 1.15014e-014 1.11906e-014 1.08881e-014 1.05938e-014 1.03075e-014 1.00289e-014 9.75787e-015 9.49415e-015 9.23755e-015 8.98788e-015 8.74496e-015 8.50861e-015 8.27865e-015 8.0549e-015 7.8372e-015 7.62538e-015 7.41929e-015 7.21876e-015 7.02366e-015 6.83383e-015 5.12506e-006 4.27089e-006 3.55907e-006 2.96589e-006 2.47158e-006 2.05965e-006 3.93693e-014 7.52527e-022 1.43842e-029 2.74948e-037 5.2361e-196 1.00086e-203 0 0 0 0 0 0 0 0 0 0 0 0 0 0 0 0 0 0 0 0 0 0 0 0 0 
0 0 0 0 3.24521e-058 0 0 0 0 0 0 0 0 0 0 0 0 0 0 0 0 0 0 0 0 0 0 0 0 0 0 0 0 0 0 0 0 0 0 0 0 0 0 0 0 0 0 3.2563e-028 2.44208e-019 2.03506e-019 1.69589e-019 1.41324e-019 1.1777e-019 1.77174e-007 9.14446e-008 4.71972e-008 2.43599e-008 4.71481e-009 2.43345e-009 4.70991e-010 9.11595e-011 1.76438e-011 9.10646e-012 4.70011e-012 2.42586e-012 4.69522e-013 4.54376e-014 4.39719e-015 4.25534e-016 8.23614e-017 7.97046e-018 7.71335e-019 7.46453e-020 7.22374e-021 6.99072e-022 6.76521e-023 3.49172e-023 1.80218e-023 9.30157e-024 4.80081e-024 2.47784e-024 1.27888e-024 6.60069e-025 3.40681e-025 

 Iteration no: 10
q matrix

0.199372 0.127298 0.0812785 0.0518956 0.0331349 8.32653e-005 2.09238e-007 5.25798e-010 1.32129e-012 3.32028e-015 4.58627e-062 6.33496e-109 8.75042e-156 1.20869e-202 1.66955e-249 2.30613e-296 0 0 0 0 0 0 0 0 0 0 0 0 0 0 0 0 0 0 0 0 0 0 0 0 0 0 0 0 0 0 0 0 0 0 0 0 0 0 0 0 0 0 0 0 0 0 0 0 0 0 0 0 0 0 0 0 0 0 0 0 0 0 0 0 0 0 0 0 
0 3.65365e-030 2.33282e-030 1.48949e-030 9.51027e-031 0.00660613 0.0052807 0.0042212 0.00337427 0.00269727 1.84959e-008 1.26831e-013 8.69714e-019 5.96386e-024 4.08957e-029 2.80433e-034 1.923e-039 1.31865e-044 9.04235e-050 6.20058e-055 4.2519e-060 2.91564e-065 1.99933e-070 1.371e-075 9.40127e-081 6.4467e-086 4.42067e-091 3.03137e-096 2.07869e-101 1.42541e-106 9.77444e-112 6.70259e-117 4.59614e-122 3.1517e-127 2.1612e-132 1.48199e-137 1.01624e-142 6.96864e-148 4.77858e-153 3.2768e-158 2.24699e-163 1.54082e-168 1.05658e-173 7.24525e-179 4.96826e-184 3.40687e-189 2.33618e-194 1.71653e-222 1.26124e-250 9.26705e-279 6.80905e-307 0 0 0 0 0 0 0 0 0 0 0 0 0 0 0 0 0 0 0 0 0 0 0 0 0 0 0 0 0 0 0 0 0 
0 0 2.00267e-045 1.27869e-045 8.16433e-046 1.48534e-045 1.03176e-017 8.24754e-018 6.59278e-018 5.27002e-018 0.000541152 0.000526527 0.000512296 0.00049845 0.000484979 0.000471871 0.000459118 0.000446709 0.000434636 0.000422889 0.00041146 0.000400339 0.000389519 0.000378992 0.000368748 0.000358782 0.000349085 0.000339651 0.000330471 0.000321539 0.000312849 0.000304394 0.000296167 0.000288162 0.000280374 0.000272796 0.000265424 0.00025825 0.00025127 0.000244479 0.000237872 0.000231443 0.000225187 0.000219101 0.00021318 0.000207418 0.000201812 5.36457e-019 1.42601e-033 3.79063e-048 1.00763e-062 2.67848e-077 7.11994e-092 0 0 0 0 0 0 0 0 0 0 0 0 0 0 0 0 0 0 0 0 0 0 0 0 0 0 0 0 0 0 0 
0 0 0 5.41264e-047 4.51053e-047 0 0 0 0 0 2.63781e-029 2.70864e-015 2.63543e-015 2.5642e-015 2.4949e-015 2.42747e-015 2.36186e-015 2.29803e-015 2.23592e-015 2.17549e-015 2.11669e-015 2.05948e-015 2.00382e-015 1.94967e-015 1.89697e-015 1.8457e-015 1.79582e-015 1.74728e-015 1.70006e-015 1.65411e-015 1.60941e-015 1.56591e-015 1.52359e-015 1.48241e-015 1.44234e-015 1.40336e-015 1.36543e-015 1.32853e-015 1.29262e-015 1.25769e-015 1.22369e-015 1.19062e-015 1.15844e-015 1.12713e-015 1.09667e-015 1.06703e-015 1.03819e-015 5.45439e-006 4.54532e-006 3.78777e-006 3.15647e-006 2.63039e-006 2.19199e-006 1.12749e-014 5.79946e-023 2.98305e-031 1.53439e-039 3.94453e-228 2.02894e-236 0 0 0 0 0 0 0 0 0 0 0 0 0 0 0 0 0 0 0 0 0 0 0 0 0 
0 0 0 0 9.98363e-062 0 0 0 0 0 0 0 0 0 0 0 0 0 0 0 0 0 0 0 0 0 0 0 0 0 0 0 0 0 0 0 0 0 0 0 0 0 0 0 0 0 0 1.91495e-030 1.00606e-020 8.38386e-021 6.98655e-021 5.82213e-021 4.85177e-021 1.88559e-007 9.73206e-008 5.023e-008 2.59252e-008 5.01777e-009 2.58982e-009 5.01255e-010 9.70171e-011 1.87775e-011 9.69162e-012 5.00213e-012 2.58174e-012 4.99692e-013 4.83573e-014 4.67974e-015 4.52878e-016 8.76538e-017 8.48262e-018 8.20899e-019 7.94418e-020 7.68792e-021 7.43992e-022 7.19993e-023 3.71609e-023 1.91798e-023 9.89926e-024 5.1093e-024 2.63706e-024 1.36106e-024 7.02483e-025 3.62572e-025 

 Iteration no: 11
q matrix

0.199874 0.127859 0.081791 0.0523215 0.0334699 1.68799e-005 8.51306e-009 4.2934e-012 2.16529e-015 1.09202e-018 5.34787e-084 2.61897e-149 1.28256e-214 6.28098e-280 0 0 0 0 0 0 0 0 0 0 0 0 0 0 0 0 0 0 0 0 0 0 0 0 0 0 0 0 0 0 0 0 0 0 0 0 0 0 0 0 0 0 0 0 0 0 0 0 0 0 0 0 0 0 0 0 0 0 0 0 0 0 0 0 0 0 0 0 0 0 
0 9.17145e-031 5.86695e-031 3.75308e-031 2.40083e-031 0.00668975 0.00535095 0.00428008 0.00342352 0.00273838 3.08939e-009 3.48538e-015 3.93214e-021 4.43615e-027 5.00478e-033 5.64629e-039 6.37003e-045 7.18653e-051 8.1077e-057 9.14694e-063 1.03194e-068 1.16421e-074 1.31344e-080 1.4818e-086 1.67173e-092 1.88601e-098 2.12776e-104 2.4005e-110 2.70819e-116 3.05532e-122 3.44695e-128 3.88878e-134 4.38724e-140 4.9496e-146 5.58403e-152 6.29979e-158 7.1073e-164 8.01831e-170 9.04609e-176 1.02056e-181 1.15138e-187 1.29896e-193 1.46546e-199 1.6533e-205 1.86522e-211 2.1043e-217 2.37403e-223 4.35947e-252 8.00536e-281 1.47004e-309 0 0 0 0 0 0 0 0 0 0 0 0 0 0 0 0 0 0 0 0 0 0 0 0 0 0 0 0 0 0 0 0 0 0 
0 0 1.58237e-047 1.01224e-047 6.47528e-048 1.23042e-047 3.42849e-019 2.74235e-019 2.19353e-019 1.75455e-019 0.000548021 0.00053321 0.000518799 0.000504777 0.000491135 0.000477861 0.000464946 0.000452379 0.000440153 0.000428257 0.000416682 0.000405421 0.000394463 0.000383802 0.000373429 0.000363336 0.000353517 0.000343962 0.000334666 0.000325621 0.00031682 0.000308258 0.000299926 0.00029182 0.000283933 0.000276259 0.000268793 0.000261528 0.00025446 0.000247582 0.000240891 0.00023438 0.000228046 0.000221882 0.000215886 0.000210051 0.000204374 1.71433e-020 1.43801e-036 1.20623e-052 1.01181e-068 8.48727e-085 7.11929e-101 0 0 0 0 0 0 0 0 0 0 0 0 0 0 0 0 0 0 0 0 0 0 0 0 0 0 0 0 0 0 0 
0 0 0 4.27669e-049 3.56391e-049 0 0 0 0 0 1.25361e-031 3.91557e-016 3.80974e-016 3.70678e-016 3.60659e-016 3.50912e-016 3.41428e-016 3.322e-016 3.23222e-016 3.14486e-016 3.05986e-016 2.97716e-016 2.8967e-016 2.81841e-016 2.74224e-016 2.66812e-016 2.59601e-016 2.52585e-016 2.45758e-016 2.39116e-016 2.32654e-016 2.26366e-016 2.20248e-016 2.14295e-016 2.08503e-016 2.02868e-016 1.97385e-016 1.9205e-016 1.8686e-016 1.8181e-016 1.76896e-016 1.72115e-016 1.67463e-016 1.62937e-016 1.58533e-016 1.54249e-016 1.5008e-016 5.52362e-006 4.60302e-006 3.83585e-006 3.19654e-006 2.66378e-006 2.21982e-006 3.07256e-015 4.25288e-024 5.88663e-033 8.14797e-042 1.48269e-262 2.05226e-271 0 0 0 0 0 0 0 0 0 0 0 0 0 0 0 0 0 0 0 0 0 0 0 0 0 
0 0 0 0 3.05356e-065 0 0 0 0 0 0 0 0 0 0 0 0 0 0 0 0 0 0 0 0 0 0 0 0 0 0 0 0 0 0 0 0 0 0 0 0 0 0 0 0 0 0 1.07157e-032 3.94387e-022 3.28656e-022 2.7388e-022 2.28233e-022 1.90194e-022 1.90952e-007 9.85559e-008 5.08676e-008 2.62542e-008 5.08146e-009 2.62269e-009 5.07618e-010 9.82486e-011 1.90159e-011 9.81463e-012 5.06562e-012 2.61451e-012 5.06035e-013 4.89711e-014 4.73914e-015 4.58626e-016 8.87664e-017 8.59029e-018 8.31319e-019 8.04502e-020 7.7855e-021 7.53436e-022 7.29132e-023 3.76326e-023 1.94233e-023 1.00249e-023 5.17415e-024 2.67053e-024 1.37834e-024 7.114e-025 3.67174e-025 

 Iteration no: 12
q matrix

0.199975 0.127972 0.0818942 0.0524073 0.0335375 3.38515e-006 3.41685e-010 3.44884e-014 3.48113e-018 3.51372e-022 3.26716e-110 3.0379e-198 2.82472e-286 0 0 0 0 0 0 0 0 0 0 0 0 0 0 0 0 0 0 0 0 0 0 0 0 0 0 0 0 0 0 0 0 0 0 0 0 0 0 0 0 0 0 0 0 0 0 0 0 0 0 0 0 0 0 0 0 0 0 0 0 0 0 0 0 0 0 0 0 0 0 0 
0 2.29474e-031 1.4685e-031 9.39749e-032 6.01382e-032 0.00670665 0.00536515 0.00429199 0.00343348 0.0027467 5.09624e-010 9.45559e-017 1.75439e-023 3.25511e-030 6.03956e-037 1.12058e-043 2.07914e-050 3.85764e-057 7.15749e-064 1.328e-070 2.46399e-077 4.5717e-084 8.48235e-091 1.57382e-097 2.92008e-104 5.41793e-111 1.00525e-117 1.86514e-124 3.46059e-131 6.42079e-138 1.19132e-144 2.21038e-151 4.10115e-158 7.60929e-165 1.41183e-171 2.61952e-178 4.86028e-185 9.01778e-192 1.67316e-198 3.1044e-205 5.75992e-212 1.0687e-218 1.98287e-225 3.67903e-232 6.82609e-239 1.26652e-245 2.3499e-252 1.07872e-281 4.95188e-311 0 0 0 0 0 0 0 0 0 0 0 0 0 0 0 0 0 0 0 0 0 0 0 0 0 0 0 0 0 0 0 0 0 0 0 
0 0 1.24873e-049 7.99108e-050 5.11381e-050 1.01275e-049 1.12942e-020 9.0351e-021 7.22785e-021 5.7821e-021 0.000549408 0.00053456 0.000520112 0.000506055 0.000492378 0.00047907 0.000466122 0.000453525 0.000441267 0.000429341 0.000417737 0.000406447 0.000395462 0.000384774 0.000374374 0.000364256 0.000354411 0.000344833 0.000335513 0.000326445 0.000317622 0.000309038 0.000300685 0.000292559 0.000284652 0.000276959 0.000269473 0.00026219 0.000255104 0.000248209 0.000241501 0.000234974 0.000228623 0.000222444 0.000216432 0.000210583 0.000204891 5.42341e-022 1.43556e-039 3.79988e-057 1.00582e-074 2.66237e-092 7.0472e-110 0 0 0 0 0 0 0 0 0 0 0 0 0 0 0 0 0 0 0 0 0 0 0 0 0 0 0 0 0 0 0 
0 0 0 3.37493e-051 2.81244e-051 0 0 0 0 0 5.89725e-034 5.6035e-017 5.45206e-017 5.3047e-017 5.16133e-017 5.02184e-017 4.88611e-017 4.75406e-017 4.62557e-017 4.50055e-017 4.37892e-017 4.26057e-017 4.14542e-017 4.03338e-017 3.92437e-017 3.8183e-017 3.71511e-017 3.6147e-017 3.517e-017 3.42195e-017 3.32946e-017 3.23948e-017 3.15193e-017 3.06674e-017 2.98385e-017 2.90321e-017 2.82474e-017 2.7484e-017 2.67412e-017 2.60184e-017 2.53152e-017 2.4631e-017 2.39653e-017 2.33176e-017 2.26874e-017 2.20743e-017 2.14777e-017 5.5376e-006 4.61467e-006 3.84556e-006 3.20463e-006 2.67052e-006 2.22544e-006 8.2891e-016 3.08745e-025 1.14998e-034 4.28336e-044 2.89309e-299 1.07759e-308 0 0 0 0 0 0 0 0 0 0 0 0 0 0 0 0 0 0 0 0 0 0 0 0 0 
0 0 0 0 9.3279e-069 0 0 0 0 0 0 0 0 0 0 0 0 0 0 0 0 0 0 0 0 0 0 0 0 0 0 0 0 0 0 0 0 0 0 0 0 0 0 0 0 0 0 5.93616e-035 1.53052e-023 1.27544e-023 1.06286e-023 8.8572e-024 7.381e-024 1.91435e-007 9.88054e-008 5.09963e-008 2.63207e-008 5.09433e-009 2.62933e-009 5.08903e-010 9.84973e-011 1.9064e-011 9.83948e-012 5.07844e-012 2.62113e-012 5.07316e-013 4.90951e-014 4.75113e-015 4.59787e-016 8.89911e-017 8.61204e-018 8.33423e-019 8.06539e-020 7.80521e-021 7.55343e-022 7.30977e-023 3.77279e-023 1.94724e-023 1.00503e-023 5.18725e-024 2.67729e-024 1.38183e-024 7.13201e-025 3.68104e-025 

 Iteration no: 13
q matrix

0.199995 0.127994 0.0819148 0.0524245 0.033551 6.77398e-007 1.36767e-011 2.76133e-016 5.57515e-021 1.12563e-025 1.04941e-140 9.78363e-256 0 0 0 0 0 0 0 0 0 0 0 0 0 0 0 0 0 0 0 0 0 0 0 0 0 0 0 0 0 0 0 0 0 0 0 0 0 0 0 0 0 0 0 0 0 0 0 0 0 0 0 0 0 0 0 0 0 0 0 0 0 0 0 0 0 0 0 0 0 0 0 0 
0 5.7378e-032 3.67212e-032 2.35011e-032 1.50404e-032 0.00671004 0.005368 0.00429437 0.00343547 0.00274836 8.38572e-011 2.55863e-018 7.8068e-026 2.38199e-033 7.26785e-041 2.21754e-048 6.76611e-056 2.06445e-063 6.299e-071 1.92193e-078 5.86414e-086 1.78925e-093 5.4593e-101 1.66573e-108 5.08241e-116 1.55073e-123 4.73154e-131 1.44367e-138 4.4049e-146 1.34401e-153 4.1008e-161 1.25122e-168 3.81769e-176 1.16484e-183 3.55414e-191 1.08443e-198 3.30877e-206 1.00956e-213 3.08035e-221 9.39866e-229 2.86769e-236 8.74981e-244 2.66972e-251 8.14576e-259 2.48541e-266 7.58341e-274 2.31383e-281 2.65537e-311 0 0 0 0 0 0 0 0 0 0 0 0 0 0 0 0 0 0 0 0 0 0 0 0 0 0 0 0 0 0 0 0 0 0 0 0 
0 0 9.85178e-052 6.30502e-052 4.03514e-052 8.32512e-052 3.71411e-022 2.97127e-022 2.377e-022 1.90159e-022 0.000549686 0.00053483 0.000520375 0.000506311 0.000492627 0.000479313 0.000466358 0.000453754 0.00044149 0.000429558 0.000417948 0.000406653 0.000395662 0.000384968 0.000374564 0.00036444 0.000354591 0.000345007 0.000335683 0.00032661 0.000317783 0.000309194 0.000300838 0.000292707 0.000284796 0.000277099 0.000269609 0.000262323 0.000255233 0.000248335 0.000241623 0.000235093 0.000228739 0.000222557 0.000216542 0.000210689 0.000204995 1.71227e-023 1.43021e-042 1.19462e-061 9.97837e-081 8.33468e-100 6.96175e-119 0 0 0 0 0 0 0 0 0 0 0 0 0 0 0 0 0 0 0 0 0 0 0 0 0 0 0 0 0 0 0 
0 0 0 2.66264e-053 2.21887e-053 0 0 0 0 0 2.76852e-036 8.00287e-018 7.78658e-018 7.57613e-018 7.37137e-018 7.17214e-018 6.9783e-018 6.7897e-018 6.60619e-018 6.42765e-018 6.25393e-018 6.0849e-018 5.92045e-018 5.76043e-018 5.60475e-018 5.45327e-018 5.30588e-018 5.16248e-018 5.02295e-018 4.8872e-018 4.75511e-018 4.62659e-018 4.50155e-018 4.37989e-018 4.26151e-018 4.14634e-018 4.03427e-018 3.92524e-018 3.81915e-018 3.71593e-018 3.6155e-018 3.51778e-018 3.42271e-018 3.3302e-018 3.2402e-018 3.15263e-018 3.06742e-018 5.5404e-006 4.617e-006 3.8475e-006 3.20625e-006 2.67188e-006 2.22656e-006 2.2317e-016 2.23686e-026 2.24202e-036 2.2472e-046 0 0 0 0 0 0 0 0 0 0 0 0 0 0 0 0 0 0 0 0 0 0 0 0 0 0 0 
0 0 0 0 2.84873e-072 0 0 0 0 0 0 0 0 0 0 0 0 0 0 0 0 0 0 0 0 0 0 0 0 0 0 0 0 0 0 0 0 0 0 0 0 0 0 0 0 0 0 3.28179e-037 5.92761e-025 4.93967e-025 4.11639e-025 3.43033e-025 2.85861e-025 1.91532e-007 9.88554e-008 5.10221e-008 2.6334e-008 5.0969e-009 2.63066e-009 5.0916e-010 9.85471e-011 1.90736e-011 9.84445e-012 5.08101e-012 2.62246e-012 5.07572e-013 4.91199e-014 4.75354e-015 4.6002e-016 8.90361e-017 8.61639e-018 8.33845e-019 8.06946e-020 7.80916e-021 7.55725e-022 7.31347e-023 3.77469e-023 1.94823e-023 1.00554e-023 5.18987e-024 2.67864e-024 1.38253e-024 7.13562e-025 3.6829e-025 

 Iteration no: 14
q matrix

0.199999 0.127999 0.081919 0.0524279 0.0335538 1.35494e-007 5.47143e-013 2.20943e-018 8.92195e-024 3.6028e-029 1.77344e-175 8.74496e-322 0 0 0 0 0 0 0 0 0 0 0 0 0 0 0 0 0 0 0 0 0 0 0 0 0 0 0 0 0 0 0 0 0 0 0 0 0 0 0 0 0 0 0 0 0 0 0 0 0 0 0 0 0 0 0 0 0 0 0 0 0 0 0 0 0 0 0 0 0 0 0 0 
0 1.4345e-032 9.18074e-033 5.87565e-033 3.7604e-033 0.00671072 0.00536857 0.00429485 0.00343587 0.0027487 1.37916e-011 6.91992e-020 3.47207e-028 1.74211e-036 8.74104e-045 4.38581e-053 2.20058e-061 1.10414e-069 5.54003e-078 2.77971e-086 1.39472e-094 6.998e-103 3.51124e-111 1.76177e-119 8.83966e-128 4.4353e-136 2.22541e-144 1.1166e-152 5.60254e-161 2.81107e-169 1.41045e-177 7.07695e-186 3.55086e-194 1.78164e-202 8.9394e-211 4.48534e-219 2.25052e-227 1.1292e-235 5.66575e-244 2.84279e-252 1.42637e-260 7.1568e-269 3.59092e-277 1.80175e-285 9.04026e-294 4.53595e-302 2.27591e-310 0 0 0 0 0 0 0 0 0 0 0 0 0 0 0 0 0 0 0 0 0 0 0 0 0 0 0 0 0 0 0 0 0 0 0 0 0 
0 0 7.77214e-054 4.97415e-054 3.18344e-054 6.84176e-054 1.22096e-023 9.76768e-024 7.81414e-024 6.2513e-024 0.000549742 0.000534884 0.000520428 0.000506362 0.000492677 0.000479361 0.000466405 0.0004538 0.000441535 0.000429602 0.000417991 0.000406694 0.000395702 0.000385007 0.000374602 0.000364477 0.000354627 0.000345042 0.000335717 0.000326643 0.000317815 0.000309225 0.000300868 0.000292736 0.000284825 0.000277127 0.000269637 0.000262349 0.000255259 0.00024836 0.000241647 0.000235116 0.000228762 0.000222579 0.000216564 0.00021071 0.000205016 5.40376e-025 1.42431e-045 3.75418e-066 9.89521e-087 2.60816e-107 6.87454e-128 0 0 0 0 0 0 0 0 0 0 0 0 0 0 0 0 0 0 0 0 0 0 0 0 0 0 0 0 0 0 0 
0 0 0 2.10058e-055 1.75048e-055 0 0 0 0 0 1.29918e-038 1.1425e-018 1.11162e-018 1.08158e-018 1.05235e-018 1.02391e-018 9.96232e-019 9.69307e-019 9.43109e-019 9.1762e-019 8.92819e-019 8.68689e-019 8.45211e-019 8.22367e-019 8.00141e-019 7.78516e-019 7.57475e-019 7.37003e-019 7.17084e-019 6.97703e-019 6.78846e-019 6.60499e-019 6.42648e-019 6.25279e-019 6.08379e-019 5.91937e-019 5.75938e-019 5.60372e-019 5.45227e-019 5.30491e-019 5.16154e-019 5.02204e-019 4.88631e-019 4.75424e-019 4.62575e-019 4.50073e-019 4.37909e-019 5.54096e-006 4.61747e-006 3.84789e-006 3.20657e-006 2.67215e-006 2.22679e-006 6.00606e-017 1.61994e-027 4.36929e-038 1.17848e-048 0 0 0 0 0 0 0 0 0 0 0 0 0 0 0 0 0 0 0 0 0 0 0 0 0 0 0 
0 0 0 0 8.69954e-076 0 0 0 0 0 0 0 0 0 0 0 0 0 0 0 0 0 0 0 0 0 0 0 0 0 0 0 0 0 0 0 0 0 0 0 0 0 0 0 0 0 0 1.8136e-039 2.29479e-026 1.91232e-026 1.5936e-026 1.328e-026 1.10667e-026 1.91552e-007 9.88654e-008 5.10273e-008 2.63367e-008 5.09742e-009 2.63093e-009 5.09211e-010 9.85571e-011 1.90756e-011 9.84545e-012 5.08152e-012 2.62272e-012 5.07623e-013 4.91249e-014 4.75402e-015 4.60066e-016 8.90451e-017 8.61727e-018 8.33929e-019 8.07028e-020 7.80995e-021 7.55802e-022 7.31421e-023 3.77508e-023 1.94843e-023 1.00564e-023 5.1904e-024 2.67891e-024 1.38267e-024 7.13634e-025 3.68327e-025 

 Iteration no: 15
q matrix

0.2 0.128 0.0819198 0.0524286 0.0335543 2.70994e-008 2.18863e-014 1.7676e-020 1.42757e-026 1.15295e-032 1.57703e-214 0 0 0 0 0 0 0 0 0 0 0 0 0 0 0 0 0 0 0 0 0 0 0 0 0 0 0 0 0 0 0 0 0 0 0 0 0 0 0 0 0 0 0 0 0 0 0 0 0 0 0 0 0 0 0 0 0 0 0 0 0 0 0 0 0 0 0 0 0 0 0 0 0 
0 3.58626e-033 2.29521e-033 1.46893e-033 9.40116e-034 0.00671085 0.00536868 0.00429494 0.00343595 0.00274876 2.268e-012 1.87133e-021 1.54404e-030 1.27399e-039 1.05117e-048 8.67317e-058 7.15624e-067 5.90461e-076 4.8719e-085 4.01981e-094 3.31674e-103 2.73665e-112 2.25801e-121 1.86308e-130 1.53723e-139 1.26837e-148 1.04653e-157 8.63494e-167 7.1247e-176 5.87859e-185 4.85043e-194 4.00209e-203 3.30213e-212 2.72458e-221 2.24806e-230 1.85487e-239 1.53046e-248 1.26278e-257 1.04192e-266 8.59688e-276 7.09329e-285 5.85268e-294 4.82905e-303 3.98445e-312 3.28554e-321 0 0 0 0 0 0 0 0 0 0 0 0 0 0 0 0 0 0 0 0 0 0 0 0 0 0 0 0 0 0 0 0 0 0 0 0 0 0 0 
0 0 6.13143e-056 3.92411e-056 2.51143e-056 5.62241e-056 4.01346e-025 3.21077e-025 2.56861e-025 2.05489e-025 0.000549753 0.000534895 0.000520438 0.000506372 0.000492687 0.000479371 0.000466415 0.000453809 0.000441544 0.00042961 0.000417999 0.000406702 0.00039571 0.000385015 0.000374609 0.000364485 0.000354634 0.000345049 0.000335723 0.00032665 0.000317821 0.000309232 0.000300874 0.000292742 0.00028483 0.000277132 0.000269642 0.000262355 0.000255264 0.000248365 0.000241652 0.000235121 0.000228767 0.000222584 0.000216568 0.000210715 0.00020502 1.70524e-026 1.41832e-048 1.17968e-070 9.81194e-093 8.16102e-115 6.78788e-137 0 0 0 0 0 0 0 0 0 0 0 0 0 0 0 0 0 0 0 0 0 0 0 0 0 0 0 0 0 0 0 
0 0 0 1.65714e-057 1.38095e-057 0 0 0 0 0 6.09611e-041 1.63092e-019 1.58684e-019 1.54395e-019 1.50222e-019 1.46162e-019 1.42212e-019 1.38368e-019 1.34629e-019 1.3099e-019 1.2745e-019 1.24005e-019 1.20654e-019 1.17393e-019 1.1422e-019 1.11133e-019 1.08129e-019 1.05207e-019 1.02364e-019 9.9597e-020 9.69051e-020 9.42861e-020 9.17378e-020 8.92584e-020 8.6846e-020 8.44988e-020 8.22151e-020 7.99931e-020 7.78311e-020 7.57275e-020 7.36808e-020 7.16895e-020 6.97519e-020 6.78667e-020 6.60325e-020 6.42478e-020 6.25114e-020 5.54107e-006 4.61756e-006 3.84797e-006 3.20664e-006 2.6722e-006 2.22683e-006 1.61625e-017 1.17308e-028 8.51427e-040 6.1797e-051 0 0 0 0 0 0 0 0 0 0 0 0 0 0 0 0 0 0 0 0 0 0 0 0 0 0 0 
0 0 0 0 2.65667e-079 0 0 0 0 0 0 0 0 0 0 0 0 0 0 0 0 0 0 0 0 0 0 0 0 0 0 0 0 0 0 0 0 0 0 0 0 0 0 0 0 0 0 1.00216e-041 8.88324e-028 7.4027e-028 6.16891e-028 5.14076e-028 4.28397e-028 1.91556e-007 9.88674e-008 5.10283e-008 2.63372e-008 5.09752e-009 2.63098e-009 5.09222e-010 9.8559e-011 1.90759e-011 9.84565e-012 5.08163e-012 2.62277e-012 5.07634e-013 4.91258e-014 4.75411e-015 4.60076e-016 8.90469e-017 8.61744e-018 8.33946e-019 8.07044e-020 7.81011e-021 7.55817e-022 7.31436e-023 3.77515e-023 1.94847e-023 1.00566e-023 5.1905e-024 2.67897e-024 1.38269e-024 7.13648e-025 3.68335e-025 

 Iteration no: 16
q matrix

0.2 0.128 0.08192 0.0524288 0.0335544 5.41991e-009 8.75457e-016 1.41409e-022 2.28413e-029 3.68946e-036 7.37956e-258 0 0 0 0 0 0 0 0 0 0 0 0 0 0 0 0 0 0 0 0 0 0 0 0 0 0 0 0 0 0 0 0 0 0 0 0 0 0 0 0 0 0 0 0 0 0 0 0 0 0 0 0 0 0 0 0 0 0 0 0 0 0 0 0 0 0 0 0 0 0 0 0 0 
0 8.96567e-034 5.73803e-034 3.67234e-034 2.3503e-034 0.00671088 0.0053687 0.00429496 0.00343597 0.00274878 3.72963e-013 5.06048e-023 6.86622e-033 9.3163e-043 1.26407e-052 1.71512e-062 2.32714e-072 3.15753e-082 4.28424e-092 5.813e-102 7.88726e-112 1.07017e-121 1.45204e-131 1.97017e-141 2.67319e-151 3.62707e-161 4.92133e-171 6.67742e-181 9.06013e-191 1.22931e-200 1.66796e-210 2.26315e-220 3.07071e-230 4.16644e-240 5.65316e-250 7.67038e-260 1.04074e-269 1.41211e-279 1.916e-289 2.59969e-299 3.52734e-309 4.78601e-319 0 0 0 0 0 0 0 0 0 0 0 0 0 0 0 0 0 0 0 0 0 0 0 0 0 0 0 0 0 0 0 0 0 0 0 0 0 0 0 0 0 0 
0 0 4.83707e-058 3.09572e-058 1.98126e-058 4.62033e-058 1.31926e-026 1.05541e-026 8.44324e-027 6.75459e-027 0.000549755 0.000534897 0.00052044 0.000506374 0.000492689 0.000479373 0.000466417 0.000453811 0.000441546 0.000429612 0.000418001 0.000406704 0.000395712 0.000385017 0.000374611 0.000364486 0.000354635 0.00034505 0.000335725 0.000326651 0.000317823 0.000309233 0.000300875 0.000292743 0.000284832 0.000277133 0.000269643 0.000262356 0.000255265 0.000248366 0.000241653 0.000235122 0.000228767 0.000222585 0.000216569 0.000210716 0.000205021 5.38106e-028 1.41233e-051 3.70687e-075 9.72921e-099 2.55357e-122 6.70221e-146 0 0 0 0 0 0 0 0 0 0 0 0 0 0 0 0 0 0 0 0 0 0 0 0 0 0 0 0 0 0 0 
0 0 0 1.30732e-059 1.08943e-059 0 0 0 0 0 2.86042e-043 2.32809e-020 2.26517e-020 2.20395e-020 2.14439e-020 2.08643e-020 2.03004e-020 1.97517e-020 1.92179e-020 1.86985e-020 1.81931e-020 1.77014e-020 1.7223e-020 1.67575e-020 1.63046e-020 1.5864e-020 1.54352e-020 1.5018e-020 1.46121e-020 1.42172e-020 1.3833e-020 1.34591e-020 1.30953e-020 1.27414e-020 1.23971e-020 1.2062e-020 1.1736e-020 1.14188e-020 1.11102e-020 1.08099e-020 1.05178e-020 1.02335e-020 9.95691e-021 9.68781e-021 9.42597e-021 9.17122e-021 8.92335e-021 5.5411e-006 4.61758e-006 3.84798e-006 3.20665e-006 2.67221e-006 2.22684e-006 4.34929e-018 8.49469e-030 1.65912e-041 3.24045e-053 0 0 0 0 0 0 0 0 0 0 0 0 0 0 0 0 0 0 0 0 0 0 0 0 0 0 0 
0 0 0 0 8.11293e-083 0 0 0 0 0 0 0 0 0 0 0 0 0 0 0 0 0 0 0 0 0 0 0 0 0 0 0 0 0 0 0 0 0 0 0 0 0 0 0 0 0 0 5.53764e-044 3.43869e-029 2.86557e-029 2.38798e-029 1.98998e-029 1.65832e-029 1.91556e-007 9.88678e-008 5.10285e-008 2.63373e-008 5.09754e-009 2.63099e-009 5.09224e-010 9.85594e-011 1.9076e-011 9.84569e-012 5.08165e-012 2.62278e-012 5.07636e-013 4.9126e-014 4.75413e-015 4.60077e-016 8.90472e-017 8.61748e-018 8.33949e-019 8.07048e-020 7.81014e-021 7.5582e-022 7.31439e-023 3.77517e-023 1.94847e-023 1.00566e-023 5.19052e-024 2.67898e-024 1.3827e-024 7.13651e-025 3.68336e-025 

 Iteration no: 17
q matrix

0.2 0.128 0.08192 0.0524288 0.0335544 1.08398e-009 3.50183e-017 1.13127e-024 3.65461e-032 1.18063e-039 1.81714e-305 0 0 0 0 0 0 0 0 0 0 0 0 0 0 0 0 0 0 0 0 0 0 0 0 0 0 0 0 0 0 0 0 0 0 0 0 0 0 0 0 0 0 0 0 0 0 0 0 0 0 0 0 0 0 0 0 0 0 0 0 0 0 0 0 0 0 0 0 0 0 0 0 0 
0 2.24142e-034 1.43451e-034 9.18085e-035 5.87574e-035 0.00671089 0.00536871 0.00429497 0.00343597 0.00274878 6.13317e-014 1.36845e-024 3.05334e-035 6.81273e-046 1.52008e-056 3.39165e-067 7.56758e-078 1.6885e-088 3.76745e-099 8.40606e-110 1.87559e-120 4.18488e-131 9.33745e-142 2.08341e-152 4.64857e-163 1.0372e-173 2.31425e-184 5.16363e-195 1.15213e-205 2.57066e-216 5.73576e-227 1.27978e-237 2.85549e-248 6.37128e-259 1.42158e-269 3.17188e-280 7.07722e-291 1.57909e-301 3.52333e-312 7.90505e-323 0 0 0 0 0 0 0 0 0 0 0 0 0 0 0 0 0 0 0 0 0 0 0 0 0 0 0 0 0 0 0 0 0 0 0 0 0 0 0 0 0 0 0 0 
0 0 3.81595e-060 2.44221e-060 1.56301e-060 3.79684e-060 4.33649e-028 3.4692e-028 2.77536e-028 2.22028e-028 0.000549756 0.000534897 0.000520441 0.000506375 0.000492689 0.000479373 0.000466417 0.000453811 0.000441546 0.000429612 0.000418001 0.000406704 0.000395712 0.000385017 0.000374611 0.000364486 0.000354635 0.000345051 0.000335725 0.000326651 0.000317823 0.000309233 0.000300876 0.000292744 0.000284832 0.000277134 0.000269643 0.000262356 0.000255265 0.000248366 0.000241653 0.000235122 0.000228768 0.000222585 0.000216569 0.000210716 0.000205021 1.69804e-029 1.40637e-054 1.16479e-079 9.64716e-105 7.99005e-130 6.61759e-155 0 0 0 0 0 0 0 0 0 0 0 0 0 0 0 0 0 0 0 0 0 0 0 0 0 0 0 0 0 0 0 
0 0 0 1.03134e-061 8.59448e-062 0 0 0 0 0 1.34217e-045 3.32329e-021 3.23347e-021 3.14608e-021 3.06105e-021 2.97832e-021 2.89782e-021 2.8195e-021 2.7433e-021 2.66916e-021 2.59702e-021 2.52683e-021 2.45853e-021 2.39209e-021 2.32744e-021 2.26453e-021 2.20333e-021 2.14378e-021 2.08584e-021 2.02947e-021 1.97461e-021 1.92125e-021 1.86932e-021 1.8188e-021 1.76964e-021 1.72181e-021 1.67528e-021 1.63e-021 1.58595e-021 1.54308e-021 1.50138e-021 1.4608e-021 1.42132e-021 1.38291e-021 1.34553e-021 1.30916e-021 1.27378e-021 5.5411e-006 4.61758e-006 3.84799e-006 3.20666e-006 2.67221e-006 2.22684e-006 1.17038e-018 6.15129e-031 3.23299e-043 1.69919e-055 0 0 0 0 0 0 0 0 0 0 0 0 0 0 0 0 0 0 0 0 0 0 0 0 0 0 0 
0 0 0 0 2.47752e-086 0 0 0 0 0 0 0 0 0 0 0 0 0 0 0 0 0 0 0 0 0 0 0 0 0 0 0 0 0 0 0 0 0 0 0 0 0 0 0 0 0 0 3.05993e-046 1.33111e-030 1.10925e-030 9.24379e-031 7.70316e-031 6.4193e-031 1.91556e-007 9.88678e-008 5.10286e-008 2.63373e-008 5.09755e-009 2.63099e-009 5.09224e-010 9.85595e-011 1.9076e-011 9.8457e-012 5.08165e-012 2.62279e-012 5.07636e-013 4.91261e-014 4.75414e-015 4.60078e-016 8.90473e-017 8.61748e-018 8.3395e-019 8.07048e-020 7.81014e-021 7.5582e-022 7.31439e-023 3.77517e-023 1.94847e-023 1.00566e-023 5.19053e-024 2.67898e-024 1.3827e-024 7.13652e-025 3.68336e-025 

 Iteration no: 18
q matrix

0.2 0.128 0.08192 0.0524288 0.0335544 2.16797e-010 1.40073e-018 9.0502e-027 5.84737e-035 3.77801e-043 0 0 0 0 0 0 0 0 0 0 0 0 0 0 0 0 0 0 0 0 0 0 0 0 0 0 0 0 0 0 0 0 0 0 0 0 0 0 0 0 0 0 0 0 0 0 0 0 0 0 0 0 0 0 0 0 0 0 0 0 0 0 0 0 0 0 0 0 0 0 0 0 0 0 
0 5.60355e-035 3.58627e-035 2.29521e-035 1.46894e-035 0.00671089 0.00536871 0.00429497 0.00343597 0.00274878 1.00857e-014 3.70057e-026 1.35779e-037 4.98193e-049 1.82794e-060 6.70698e-072 2.46088e-083 9.02934e-095 3.31299e-106 1.21558e-117 4.46015e-129 1.63649e-140 6.00452e-152 2.20314e-163 8.08365e-175 2.966e-186 1.08827e-197 3.99301e-209 1.46509e-220 5.37563e-232 1.9724e-243 7.237e-255 2.65536e-266 9.74289e-278 3.5748e-289 1.31165e-300 4.81262e-312 1.97626e-323 0 0 0 0 0 0 0 0 0 0 0 0 0 0 0 0 0 0 0 0 0 0 0 0 0 0 0 0 0 0 0 0 0 0 0 0 0 0 0 0 0 0 0 0 0 0 
0 0 3.01039e-062 1.92665e-062 1.23306e-062 3.12012e-062 1.42544e-029 1.14035e-029 9.12279e-030 7.29823e-030 0.000549756 0.000534898 0.000520441 0.000506375 0.000492689 0.000479373 0.000466417 0.000453811 0.000441546 0.000429612 0.000418001 0.000406704 0.000395712 0.000385017 0.000374611 0.000364487 0.000354636 0.000345051 0.000335725 0.000326651 0.000317823 0.000309233 0.000300876 0.000292744 0.000284832 0.000277134 0.000269644 0.000262356 0.000255265 0.000248366 0.000241654 0.000235122 0.000228768 0.000222585 0.000216569 0.000210716 0.000205021 5.35832e-031 1.40042e-057 3.66007e-084 9.56578e-111 2.50006e-137 6.53404e-164 0 0 0 0 0 0 0 0 0 0 0 0 0 0 0 0 0 0 0 0 0 0 0 0 0 0 0 0 0 0 0 
0 0 0 8.13619e-064 6.78016e-064 0 0 0 0 0 6.29771e-048 4.74389e-022 4.61568e-022 4.49093e-022 4.36955e-022 4.25145e-022 4.13655e-022 4.02475e-022 3.91597e-022 3.81014e-022 3.70716e-022 3.60697e-022 3.50948e-022 3.41463e-022 3.32234e-022 3.23255e-022 3.14518e-022 3.06018e-022 2.97747e-022 2.897e-022 2.8187e-022 2.74252e-022 2.6684e-022 2.59628e-022 2.52611e-022 2.45784e-022 2.39141e-022 2.32678e-022 2.26389e-022 2.2027e-022 2.14317e-022 2.08525e-022 2.02889e-022 1.97406e-022 1.9207e-022 1.86879e-022 1.81828e-022 5.5411e-006 4.61758e-006 3.84799e-006 3.20666e-006 2.67221e-006 2.22684e-006 3.14947e-019 4.45436e-032 6.29988e-045 8.91005e-058 0 0 0 0 0 0 0 0 0 0 0 0 0 0 0 0 0 0 0 0 0 0 0 0 0 0 0 
0 0 0 0 7.56584e-090 0 0 0 0 0 0 0 0 0 0 0 0 0 0 0 0 0 0 0 0 0 0 0 0 0 0 0 0 0 0 0 0 0 0 0 0 0 0 0 0 0 0 1.69082e-048 5.15267e-032 4.29389e-032 3.57824e-032 2.98187e-032 2.48489e-032 1.91556e-007 9.88679e-008 5.10286e-008 2.63373e-008 5.09755e-009 2.63099e-009 5.09224e-010 9.85595e-011 1.9076e-011 9.8457e-012 5.08165e-012 2.62279e-012 5.07636e-013 4.91261e-014 4.75414e-015 4.60078e-016 8.90473e-017 8.61748e-018 8.3395e-019 8.07048e-020 7.81015e-021 7.55821e-022 7.31439e-023 3.77517e-023 1.94848e-023 1.00566e-023 5.19053e-024 2.67898e-024 1.3827e-024 7.13652e-025 3.68336e-025 

 Iteration no: 19
q matrix

0.2 0.128 0.08192 0.0524288 0.0335544 4.33593e-011 5.60293e-020 7.24016e-029 9.3558e-038 1.20896e-046 0 0 0 0 0 0 0 0 0 0 0 0 0 0 0 0 0 0 0 0 0 0 0 0 0 0 0 0 0 0 0 0 0 0 0 0 0 0 0 0 0 0 0 0 0 0 0 0 0 0 0 0 0 0 0 0 0 0 0 0 0 0 0 0 0 0 0 0 0 0 0 0 0 0 
0 1.40089e-035 8.96568e-036 5.73803e-036 3.67234e-036 0.00671089 0.00536871 0.00429497 0.00343597 0.00274878 1.65853e-015 1.00071e-027 6.03797e-040 3.64313e-052 2.19816e-064 1.3263e-076 8.0025e-089 4.82847e-101 2.91335e-113 1.75783e-125 1.06062e-137 6.39947e-150 3.86125e-162 2.32976e-174 1.40571e-186 8.48163e-199 5.11756e-211 3.08778e-223 1.86307e-235 1.12412e-247 6.78262e-260 4.09243e-272 2.46925e-284 1.48987e-296 8.98943e-309 5.42484e-321 0 0 0 0 0 0 0 0 0 0 0 0 0 0 0 0 0 0 0 0 0 0 0 0 0 0 0 0 0 0 0 0 0 0 0 0 0 0 0 0 0 0 0 0 0 0 0 0 
0 0 2.37489e-064 1.51993e-064 9.72755e-065 2.56401e-064 4.68551e-031 3.74841e-031 2.99873e-031 2.39898e-031 0.000549756 0.000534898 0.000520441 0.000506375 0.000492689 0.000479373 0.000466417 0.000453811 0.000441546 0.000429612 0.000418001 0.000406704 0.000395712 0.000385017 0.000374611 0.000364487 0.000354636 0.000345051 0.000335725 0.000326651 0.000317823 0.000309233 0.000300876 0.000292744 0.000284832 0.000277134 0.000269644 0.000262356 0.000255265 0.000248366 0.000241654 0.000235122 0.000228768 0.000222585 0.000216569 0.000210716 0.000205021 1.69086e-032 1.3945e-060 1.15009e-088 9.4851e-117 7.82263e-145 6.45155e-173 0 0 0 0 0 0 0 0 0 0 0 0 0 0 0 0 0 0 0 0 0 0 0 0 0 0 0 0 0 0 0 
0 0 0 6.41862e-066 5.34885e-066 0 0 0 0 0 2.95501e-050 6.77175e-023 6.58873e-023 6.41066e-023 6.2374e-023 6.06882e-023 5.9048e-023 5.74521e-023 5.58993e-023 5.43885e-023 5.29186e-023 5.14883e-023 5.00968e-023 4.87428e-023 4.74254e-023 4.61437e-023 4.48965e-023 4.36831e-023 4.25025e-023 4.13538e-023 4.02361e-023 3.91486e-023 3.80906e-023 3.70611e-023 3.60594e-023 3.50849e-023 3.41366e-023 3.3214e-023 3.23163e-023 3.14429e-023 3.05931e-023 2.97663e-023 2.89618e-023 2.8179e-023 2.74174e-023 2.66764e-023 2.59554e-023 5.5411e-006 4.61758e-006 3.84799e-006 3.20666e-006 2.67221e-006 2.22684e-006 8.47513e-020 3.22555e-033 1.22761e-046 4.67215e-060 0 0 0 0 0 0 0 0 0 0 0 0 0 0 0 0 0 0 0 0 0 0 0 0 0 0 0 
0 0 0 0 2.31045e-093 0 0 0 0 0 0 0 0 0 0 0 0 0 0 0 0 0 0 0 0 0 0 0 0 0 0 0 0 0 0 0 0 0 0 0 0 0 0 0 0 0 0 9.34295e-051 1.99458e-033 1.66215e-033 1.38513e-033 1.15427e-033 9.61893e-034 1.91556e-007 9.88679e-008 5.10286e-008 2.63373e-008 5.09755e-009 2.63099e-009 5.09224e-010 9.85595e-011 1.9076e-011 9.8457e-012 5.08165e-012 2.62279e-012 5.07636e-013 4.91261e-014 4.75414e-015 4.60078e-016 8.90473e-017 8.61748e-018 8.3395e-019 8.07048e-020 7.81015e-021 7.55821e-022 7.31439e-023 3.77517e-023 1.94848e-023 1.00566e-023 5.19053e-024 2.67898e-024 1.3827e-024 7.13652e-025 3.68336e-025 

 Iteration no: 20
q matrix

0.2 0.128 0.08192 0.0524288 0.0335544 8.67187e-012 2.24117e-021 5.79213e-031 1.49693e-040 3.86869e-050 0 0 0 0 0 0 0 0 0 0 0 0 0 0 0 0 0 0 0 0 0 0 0 0 0 0 0 0 0 0 0 0 0 0 0 0 0 0 0 0 0 0 0 0 0 0 0 0 0 0 0 0 0 0 0 0 0 0 0 0 0 0 0 0 0 0 0 0 0 0 0 0 0 0 
0 3.50222e-036 2.24142e-036 1.43451e-036 9.18085e-037 0.00671089 0.00536871 0.00429497 0.00343597 0.00274878 2.72736e-016 2.70611e-029 2.68503e-042 2.66411e-055 2.64335e-068 2.62275e-081 2.60232e-094 2.58204e-107 2.56192e-120 2.54196e-133 2.52216e-146 2.5025e-159 2.48301e-172 2.46366e-185 2.44446e-198 2.42542e-211 2.40652e-224 2.38777e-237 2.36916e-250 2.3507e-263 2.33239e-276 2.31422e-289 2.29618e-302 2.27829e-315 0 0 0 0 0 0 0 0 0 0 0 0 0 0 0 0 0 0 0 0 0 0 0 0 0 0 0 0 0 0 0 0 0 0 0 0 0 0 0 0 0 0 0 0 0 0 0 0 0 0 
0 0 1.87354e-066 1.19907e-066 7.67403e-067 2.10702e-066 1.54016e-032 1.23213e-032 9.85703e-033 7.88562e-033 0.000549756 0.000534898 0.000520441 0.000506375 0.000492689 0.000479373 0.000466417 0.000453811 0.000441546 0.000429612 0.000418001 0.000406704 0.000395712 0.000385017 0.000374611 0.000364487 0.000354636 0.000345051 0.000335725 0.000326651 0.000317823 0.000309233 0.000300876 0.000292744 0.000284832 0.000277134 0.000269644 0.000262356 0.000255265 0.000248366 0.000241654 0.000235122 0.000228768 0.000222585 0.000216569 0.000210716 0.000205021 5.33567e-034 1.38861e-063 3.61386e-093 9.40509e-123 2.44768e-152 6.37009e-182 0 0 0 0 0 0 0 0 0 0 0 0 0 0 0 0 0 0 0 0 0 0 0 0 0 0 0 0 0 0 0 
0 0 0 5.06363e-068 4.21969e-068 0 0 0 0 0 1.38655e-052 9.66647e-024 9.40521e-024 9.15102e-024 8.90369e-024 8.66305e-024 8.42892e-024 8.20111e-024 7.97946e-024 7.7638e-024 7.55396e-024 7.3498e-024 7.15116e-024 6.95788e-024 6.76983e-024 6.58687e-024 6.40884e-024 6.23563e-024 6.0671e-024 5.90312e-024 5.74358e-024 5.58835e-024 5.43731e-024 5.29036e-024 5.14737e-024 5.00826e-024 4.8729e-024 4.7412e-024 4.61306e-024 4.48838e-024 4.36707e-024 4.24904e-024 4.1342e-024 4.02247e-024 3.91375e-024 3.80798e-024 3.70506e-024 5.5411e-006 4.61758e-006 3.84799e-006 3.20666e-006 2.67221e-006 2.22684e-006 2.28064e-020 2.33573e-034 2.39215e-048 2.44993e-062 0 0 0 0 0 0 0 0 0 0 0 0 0 0 0 0 0 0 0 0 0 0 0 0 0 0 0 
0 0 0 0 7.05565e-097 0 0 0 0 0 0 0 0 0 0 0 0 0 0 0 0 0 0 0 0 0 0 0 0 0 0 0 0 0 0 0 0 0 0 0 0 0 0 0 0 0 0 5.16262e-053 7.72096e-035 6.43413e-035 5.36178e-035 4.46815e-035 3.72346e-035 1.91556e-007 9.88679e-008 5.10286e-008 2.63373e-008 5.09755e-009 2.63099e-009 5.09224e-010 9.85595e-011 1.9076e-011 9.8457e-012 5.08165e-012 2.62279e-012 5.07636e-013 4.91261e-014 4.75414e-015 4.60078e-016 8.90473e-017 8.61748e-018 8.3395e-019 8.07048e-020 7.81015e-021 7.55821e-022 7.31439e-023 3.77517e-023 1.94848e-023 1.00566e-023 5.19053e-024 2.67898e-024 1.3827e-024 7.13652e-025 3.68336e-025 

